Epoch,Train_Loss,Validation_Loss
1,0.2547694444656372,0.20686130225658417
2,0.207685649394989,0.16479681432247162
3,0.16552191972732544,0.12624813616275787
4,0.126868337392807,0.09120472520589828
5,0.09170977771282196,0.061198070645332336
6,0.061573076993227005,0.03959498181939125
7,0.03982200846076012,0.031195811927318573
8,0.031259484589099884,0.038489002734422684
9,0.038393717259168625,0.05231136456131935
10,0.052107565104961395,0.058022815734148026
11,0.05778588727116585,0.053244832903146744
12,0.053033966571092606,0.04348735883831978
13,0.0433378592133522,0.03445439413189888
14,0.03438232094049454,0.029223954305052757
15,0.029231419786810875,0.02814478613436222
16,0.028224429115653038,0.02985549531877041
17,0.029994167387485504,0.03248826786875725
18,0.03266989067196846,0.034525368362665176
19,0.034733161330223083,0.035150278359651566
20,0.03536836802959442,0.03420744836330414
21,0.034421756863594055,0.03199949860572815
22,0.032198164612054825,0.029081039130687714
23,0.029254626482725143,0.026091603562235832
24,0.026233360171318054,0.02361234277486801
25,0.02371848188340664,0.022027287632226944
26,0.022097401320934296,0.02140035852789879
27,0.021437732502818108,0.02142498269677162
28,0.0214365404099226,0.021524012088775635
29,0.021519547328352928,0.02110881917178631
30,0.021099429577589035,0.019865788519382477
31,0.019861886277794838,0.017883935943245888
32,0.017893444746732712,0.015556327998638153
33,0.015583486296236515,0.013347627595067024
34,0.013392574153840542,0.011573724448680878
35,0.011632779613137245,0.010293794795870781
36,0.010360383428633213,0.00934910774230957
37,0.009415309876203537,0.008524570614099503
38,0.008583120070397854,0.007736319676041603
39,0.007782457396388054,0.007090818602591753
40,0.0071231406182050705,0.006723271682858467
41,0.006742873694747686,0.006560617126524448
42,0.006568780168890953,0.0063648950308561325
43,0.006361179985105991,0.006072512827813625
44,0.006055439356714487,0.0058799488469958305
45,0.005849899258464575,0.005900903604924679
46,0.005862396210432053,0.005960602313280106
47,0.005921327508985996,0.005856102332472801
48,0.005823276471346617,0.005588034633547068
49,0.00556541420519352,0.005232179071754217
50,0.005219721235334873,0.00479162996634841
51,0.004787194076925516,0.004274854902178049
52,0.004276248160749674,0.0037998331245034933
53,0.0038058734498918056,0.003522955346852541
54,0.003533370792865753,0.0034962757490575314
55,0.0035110388416796923,0.0036319787614047527
56,0.0036507127806544304,0.00378728611394763
57,0.003809059737250209,0.0038590338081121445
58,0.0038825443480163813,0.003813586663454771
59,0.0038375246804207563,0.00367028103210032
60,0.0036936423275619745,0.003481089835986495
61,0.0035032988525927067,0.0033124317415058613
62,0.0033332575112581253,0.0032142673153430223
63,0.0032336246222257614,0.0031862519681453705
64,0.003204034874215722,0.003176918486133218
65,0.003192988922819495,0.0031297733075916767
66,0.0031441058963537216,0.0030352910980582237
67,0.003048120066523552,0.002934427233412862
68,0.0029462112579494715,0.0028748882468789816
69,0.002886069007217884,0.0028721587732434273
70,0.002882897388190031,0.002908082213252783
71,0.0029182243160903454,0.0029493996407836676
72,0.002958708442747593,0.0029629177879542112
73,0.0029713644180446863,0.0029307405930012465
74,0.00293860025703907,0.002864600159227848
75,0.002872312441468239,0.0027989749796688557
76,0.0028069340623915195,0.002761740470305085
77,0.002770190592855215,0.0027530561201274395
78,0.002762121381238103,0.00275350920855999
79,0.002763273660093546,0.002746567828580737
80,0.002757103880867362,0.0027300813235342503
81,0.0027414218056946993,0.0027120071463286877
82,0.0027241050265729427,0.0027012291830033064
83,0.0027139547746628523,0.00270118098706007
84,0.002714352449402213,0.0027074147947132587
85,0.0027208346873521805,0.0027099931612610817
86,0.0027234682347625494,0.002700887620449066
87,0.002714235335588455,0.002681064186617732
88,0.002694119466468692,0.0026597147807478905
89,0.0026723439805209637,0.002645739121362567
90,0.0026578581891953945,0.002640531864017248
91,0.0026521242689341307,0.0026390585117042065
92,0.002650179900228977,0.0026360414922237396
93,0.002646807348355651,0.0026297904551029205
94,0.0026403439696878195,0.002621666993945837
95,0.0026321453042328358,0.002614138647913933
96,0.002624651649966836,0.0026089632883667946
97,0.0026195987593382597,0.0026055453345179558
98,0.0026163840666413307,0.002601081505417824
99,0.002612197073176503,0.0025933682918548584
100,0.0026048114523291588,0.0025832222308963537
101,0.0025950027629733086,0.0025734626688063145
102,0.002585545415058732,0.0025660553947091103
103,0.002578380284830928,0.00256090285256505
104,0.0025734107475727797,0.0025566841941326857
105,0.0025693292263895273,0.0025519970804452896
106,0.00256474525667727,0.002546109491959214
107,0.0025589261204004288,0.002539406530559063
108,0.002552247839048505,0.0025330097414553165
109,0.0025458172895014286,0.0025275666266679764
110,0.002540269633755088,0.002522597787901759
111,0.0025351177901029587,0.0025172412861138582
112,0.002529502147808671,0.002511292463168502
113,0.002523234812542796,0.0025052570272237062
114,0.002516851294785738,0.0024997082073241472
115,0.002510959282517433,0.00249484577216208
116,0.0025057902093976736,0.002490415470674634
117,0.002501110080629587,0.0024858517572283745
118,0.0024963596370071173,0.0024807050358504057
119,0.002491089515388012,0.0024750535376369953
120,0.002485373755916953,0.0024693396408110857
121,0.0024796498473733664,0.002463828306645155
122,0.0024741762317717075,0.002458416623994708
123,0.0024688364937901497,0.002452909480780363
124,0.002463415963575244,0.0024472528602927923
125,0.0024578419979661703,0.002441546181216836
126,0.002452199114486575,0.002435961738228798
127,0.002446655184030533,0.0024306061677634716
128,0.00244132149964571,0.0024253828451037407
129,0.0024361079558730125,0.002420069184154272
130,0.002430798951536417,0.0024145625066012144
131,0.002425291808322072,0.002408960135653615
132,0.0024196805898100138,0.0024034036323428154
133,0.002414100570604205,0.0023979463148862123
134,0.002408601576462388,0.0023925534915179014
135,0.0024031484499573708,0.00238715298473835
136,0.002397674834355712,0.0023816993925720453
137,0.002392143476754427,0.002376225311309099
138,0.0023865951225161552,0.0023707912769168615
139,0.0023810958955436945,0.0023653912357985973
140,0.00237564486451447,0.0023599565029144287
141,0.0023701749742031097,0.002354439813643694
142,0.0023646424524486065,0.0023488528095185757
143,0.0023590587079524994,0.0023432367015630007
144,0.0023534619249403477,0.0023376329336315393
145,0.002347886562347412,0.0023320538457483053
146,0.0023423354141414165,0.0023264752235263586
147,0.002336776116862893,0.0023208775091916323
148,0.0023311844561249018,0.0023152721114456654
149,0.0023255720734596252,0.0023096799850463867
150,0.002319962251931429,0.0023040957748889923
151,0.0023143549915403128,0.002298502018675208
152,0.0023087337613105774,0.002292883349582553
153,0.002303085522726178,0.002287239534780383
154,0.002297408878803253,0.00228158594109118
155,0.002291719662025571,0.002275937469676137
156,0.0022860325407236814,0.002270291093736887
157,0.0022803458850830793,0.002264630515128374
158,0.002274644561111927,0.0022589515428990126
159,0.0022689243778586388,0.002253257669508457
160,0.002263189759105444,0.00224755285307765
161,0.0022574462927877903,0.0022418349981307983
162,0.0022516949102282524,0.0022360968869179487
163,0.00224593048915267,0.0022303324658423662
164,0.0022401479072868824,0.002224547555670142
165,0.002234350424259901,0.0022187517024576664
166,0.002228545257821679,0.0022129511926323175
167,0.002222734736278653,0.00220714439637959
168,0.0022169139701873064,0.0022013282869011164
169,0.0022110799327492714,0.0021955028641968966
170,0.0022052323911339045,0.002189668593928218
171,0.002199373673647642,0.0021838273387402296
172,0.002193506108596921,0.002177976304665208
173,0.0021876273676753044,0.002172112464904785
174,0.002181736286729574,0.0021662351209670305
175,0.0021758333314210176,0.002160347066819668
176,0.0021699212957173586,0.00215445039793849
177,0.0021640013437718153,0.0021485446486622095
178,0.002158073242753744,0.0021426300518214703
179,0.002152135828509927,0.0021367056760936975
180,0.0021461884025484324,0.0021307729184627533
181,0.0021402332931756973,0.002124831546097994
182,0.0021342711988836527,0.002118880394846201
183,0.0021283021196722984,0.0021129196975380182
184,0.002122325822710991,0.0021069510839879513
185,0.002116343006491661,0.0021009768825024366
186,0.002110354835167527,0.00209499872289598
187,0.002104362240061164,0.0020890177693217993
188,0.002098365454003215,0.002083034720271826
189,0.0020923640113323927,0.0020770500414073467
190,0.0020863590762019157,0.0020710639655590057
191,0.0020803511142730713,0.00206507695838809
192,0.002074341755360365,0.0020590890198946
193,0.0020683309994637966,0.0020530996844172478
194,0.002062319777905941,0.0020471096504479647
195,0.0020563090220093727,0.0020411210134625435
196,0.00205029989592731,0.002035134704783559
197,0.0020442933309823275,0.0020291516557335854
198,0.002038290025666356,0.0020231727976351976
199,0.002032290445640683,0.002017198596149683
200,0.0020262962207198143,0.002011229982599616
201,0.002020308282226324,0.0020052678883075714
202,0.002014327794313431,0.00199931301176548
203,0.0020083552226424217,0.001993366749957204
204,0.002002392429858446,0.001987430965527892
205,0.0019964398816227913,0.0019815072882920504
206,0.00199049967341125,0.0019755971152335405
207,0.0019845720380544662,0.001969701610505581
208,0.0019786586053669453,0.001963822403922677
209,0.001972760073840618,0.00195796019397676
210,0.001966878306120634,0.001952115329913795
211,0.0019610142335295677,0.0019462895579636097
212,0.0019551690202206373,0.0019404840422794223
213,0.0019493447616696358,0.0019346998305991292
214,0.0019435420399531722,0.0019289394840598106
215,0.0019377629505470395,0.0019232038175687194
216,0.0019320083083584905,0.0019174939952790737
217,0.001926279510371387,0.0019118119962513447
218,0.0019205783028155565,0.001906158635392785
219,0.0019149059662595391,0.0019005353096872568
220,0.0019092638976871967,0.0018949435325339437
221,0.0019036538433283567,0.001889384351670742
222,0.0018980767345055938,0.0018838599789887667
223,0.0018925343174487352,0.0018783719278872013
224,0.0018870278727263212,0.0018729215953499079
225,0.0018815586809068918,0.0018675104947760701
226,0.0018761284882202744,0.0018621401395648718
227,0.0018707391573116183,0.0018568114610388875
228,0.001865391037426889,0.0018515256233513355
229,0.0018600858747959137,0.001846283907070756
230,0.00185482541564852,0.001841088174842298
231,0.001849610824137926,0.0018359398236498237
232,0.0018444432644173503,0.0018308400176465511
233,0.0018393242498859763,0.0018257899209856987
234,0.0018342549446970224,0.0018207909306511283
235,0.0018292367458343506,0.0018158439779654145
236,0.0018242707010358572,0.0018109502270817757
237,0.0018193579744547606,0.00180611084215343
238,0.001814499730244279,0.0018013272201642394
239,0.0018096968997269869,0.0017965997103601694
240,0.0018049506470561028,0.0017919300589710474
241,0.0018002622528001666,0.001787319197319448
242,0.0017956317169591784,0.0017827677074819803
243,0.0017910607857629657,0.0017782764043658972
244,0.0017865501577034593,0.001773845637217164
245,0.001782099949195981,0.0017694764537736773
246,0.0017777113243937492,0.0017651694361120462
247,0.0017733850982040167,0.001760925049893558
248,0.0017691212706267834,0.0017567441100254655
249,0.001764920656569302,0.0017526267329230905
250,0.0017607836052775383,0.001748572918586433
251,0.0017567106988281012,0.0017445838311687112
252,0.001752701704390347,0.0017406587721779943
253,0.0017487573204562068,0.0017367982072755694
254,0.0017448774306103587,0.0017330023692920804
255,0.001741061918437481,0.0017292710253968835
256,0.0017373112495988607,0.0017256041755899787
257,0.0017336249584332108,0.001722001819871366
258,0.001730003161355853,0.0017184633761644363
259,0.0017264449270442128,0.0017149888444691896
260,0.0017229510704055429,0.0017115777591243386
261,0.001719520310871303,0.0017082291888073087
262,0.0017161527648568153,0.0017049433663487434
263,0.0017128472682088614,0.0017017197096720338
264,0.0017096042865887284,0.0016985570546239614
265,0.0017064225394278765,0.001695455051958561
266,0.0017033010954037309,0.0016924127703532577
267,0.0017002396052703261,0.001689429278485477
268,0.0016972372541204095,0.0016865043435245752
269,0.0016942932270467281,0.0016836365684866905
270,0.0016914064763113856,0.00168082513846457
271,0.001688576303422451,0.0016780688893049955
272,0.0016858011949807405,0.0016753670061007142
273,0.001683080685324967,0.0016727184411138296
274,0.00168041349388659,0.0016701220301911235
275,0.0016777983400970697,0.001667576376348734
276,0.0016752345254644752,0.00166508078109473
277,0.0016727204201743007,0.0016626337310299277
278,0.0016702552093192935,0.0016602340620011091
279,0.0016678373795002699,0.0016578806098550558
280,0.0016654659993946552,0.0016555722104385495
281,0.0016631395556032658,0.0016533073503524065
282,0.001660857000388205,0.0016510850982740521
283,0.0016586171695962548,0.0016489040572196245
284,0.0016564183169975877,0.0016467629466205835
285,0.0016542597441002727,0.001644660485908389
286,0.001652139937505126,0.001642595394514501
287,0.0016500577330589294,0.0016405665082857013
288,0.0016480118501931429,0.0016385725466534495
289,0.0016460008919239044,0.0016366123454645276
290,0.0016440236940979958,0.0016346843913197517
291,0.0016420792089775205,0.0016327878693118691
292,0.0016401661559939384,0.0016309217317029834
293,0.0016382832545787096,0.0016290839994326234
294,0.0016364293405786157,0.0016272744396701455
295,0.001634603482671082,0.0016254913061857224
296,0.0016328042838722467,0.001623733900487423
297,0.001631030929274857,0.0016220009420067072
298,0.0016292821383103728,0.0016202917322516441
299,0.0016275568632408977,0.0016186048742383718
300,0.0016258544055745006,0.001616939320228994
301,0.0016241734847426414,0.0016152943717315793
302,0.0016225132858380675,0.0016136690974235535
303,0.0016208726447075605,0.0016120625659823418
304,0.0016192508628591895,0.0016104738460853696
305,0.0016176472418010235,0.0016089023556560278
306,0.0016160606173798442,0.0016073469305410981
307,0.0016144902911037207,0.0016058069886639714
308,0.0016129356808960438,0.0016042818315327168
309,0.001611395855434239,0.0016027707606554031
310,0.0016098703490570188,0.0016012727282941341
311,0.001608357997611165,0.0015997878508642316
312,0.0016068585682660341,0.0015983148477971554
313,0.0016053714789450169,0.00159685336984694
314,0.0016038959147408605,0.00159540306776762
315,0.0016024314099922776,0.001593963010236621
316,0.0016009772662073374,0.0015925329644232988
317,0.001599533366970718,0.0015911123482510448
318,0.0015980990137904882,0.0015897008124738932
319,0.001596673741005361,0.0015882980078458786
320,0.001595257199369371,0.0015869031194597483
321,0.0015938488068059087,0.001585516263730824
322,0.0015924485633149743,0.0015841368585824966
323,0.0015910555375739932,0.0015827646711841226
324,0.0015896700788289309,0.0015813991194590926
325,0.0015882911393418908,0.0015800402034074068
326,0.0015869191847741604,0.0015786876901984215
327,0.001585553283803165,0.0015773411141708493
328,0.00158419378567487,0.0015760003589093685
329,0.0015828398754820228,0.0015746653079986572
330,0.001581491669639945,0.0015733354957774282
331,0.0015801491681486368,0.0015720110386610031
332,0.0015788116725161672,0.001570691354572773
333,0.001577479299157858,0.0015693767927587032
334,0.0015761518152430654,0.0015680670039728284
335,0.0015748292207717896,0.0015667618717998266
336,0.001573511166498065,0.0015654610469937325
337,0.0015721976524218917,0.001564164413139224
338,0.0015708886785432696,0.0015628724358975887
339,0.0015695840120315552,0.0015615845331922174
340,0.0015682834200561047,0.00156030070502311
341,0.0015669872518628836,0.0015590210678055882
342,0.0015656949253752828,0.0015577452722936869
343,0.0015644067898392677,0.0015564734349027276
344,0.001563122496008873,0.0015552055556327105
345,0.0015618420438840985,0.0015539415180683136
346,0.001560565666295588,0.001552681322209537
347,0.0015592931304126978,0.001551424851641059
348,0.001558024319820106,0.0015501721063628793
349,0.0015567592345178127,0.00154892320279032
350,0.0015554979909211397,0.0015476779080927372
351,0.0015542404726147652,0.0015464365715160966
352,0.001552986796014011,0.0015451987273991108
353,0.001551736844703555,0.0015439648414030671
354,0.0015504906186833978,0.0015427344478666782
355,0.001549248117953539,0.0015415078960359097
356,0.0015480094589293003,0.0015402851859107614
357,0.0015467745251953602,0.0015390662010759115
358,0.0015455433167517185,0.0015378507087007165
359,0.0015443158335983753,0.0015366394072771072
360,0.001543092424981296,0.0015354317147284746
361,0.0015418726252391934,0.0015342278638854623
362,0.0015406565507873893,0.001533028087578714
363,0.0015394446672871709,0.001531832036562264
364,0.001538236509077251,0.0015306397108361125
365,0.0015370323089882731,0.0015294515760615468
366,0.0015358319506049156,0.0015282673994079232
367,0.0015346357831731439,0.0015270871808752418
368,0.0015334435738623142,0.0015259110368788242
369,0.0015322554390877485,0.0015247388510033488
370,0.001531071262434125,0.0015235708560794592
371,0.0015298911603167653,0.0015224070521071553
372,0.001528715481981635,0.0015212474390864372
373,0.0015275436453521252,0.001520091900601983
374,0.0015263762325048447,0.0015189405530691147
375,0.00152521301060915,0.0015177937457337976
376,0.0015240542124956846,0.001516651245765388
377,0.0015228998381644487,0.0015155128203332424
378,0.001521749421954155,0.00151437905151397
379,0.0015206036623567343,0.001513249590061605
380,0.001519462326541543,0.0015121247852221131
381,0.0015183256473392248,0.0015110042877495289
382,0.0015171932755038142,0.0015098884468898177
383,0.0015160654438659549,0.0015087772626429796
384,0.0015149422688409686,0.0015076706185936928
385,0.0015138238668441772,0.0015065687475726008
386,0.0015127100050449371,0.001505471533164382
387,0.001511600916273892,0.001504379091784358
388,0.0015104966005310416,0.001503291423432529
389,0.001509397174231708,0.0015022085281088948
390,0.0015083024045452476,0.001501130755059421
391,0.0015072126407176256,0.0015000577550381422
392,0.0015061276499181986,0.0014989895280450583
393,0.001505047781392932,0.0014979265397414565
394,0.001503972802311182,0.0014968684408813715
395,0.0015029028290882707,0.001495815347880125
396,0.0015018379781395197,0.0014947676099836826
397,0.001500778249464929,0.0014937246451154351
398,0.001499723526649177,0.0014926872681826353
399,0.001498674158938229,0.0014916547806933522
400,0.0014976299135014415,0.0014906275318935513
401,0.0014965907903388143,0.0014896056381985545
402,0.001495557022280991,0.0014885890996083617
403,0.0014945287257432938,0.0014875777997076511
404,0.001493505435064435,0.0014865719713270664
405,0.001492487732321024,0.001485571381635964
406,0.0014914755010977387,0.001484576379880309
407,0.0014904685085639358,0.0014835868496447802
408,0.0014894671039655805,0.0014826026745140553
409,0.001488471170887351,0.0014816242037340999
410,0.0014874807093292475,0.0014806512044742703
411,0.0014864958357065916,0.0014796836767345667
412,0.0014855164336040616,0.0014787218533456326
413,0.001484542852267623,0.0014777656178921461
414,0.0014835747424513102,0.0014768149703741074
415,0.001482612220570445,0.00147587014362216
416,0.0014816555194556713,0.0014749309048056602
417,0.0014807044062763453,0.00147399737033993
418,0.0014797589974477887,0.0014730695402249694
419,0.0014788194093853235,0.0014721476472914219
420,0.0014778855256736279,0.001471231458708644
421,0.0014769574627280235,0.0014703210908919573
422,0.001476034987717867,0.0014694164274260402
423,0.0014751185663044453,0.001468517817556858
424,0.001474207965657115,0.0014676249120384455
425,0.001473303185775876,0.0014667377108708024
426,0.0014724041102454066,0.0014658566797152162
427,0.0014715110883116722,0.0014649813529103994
428,0.0014706237707287073,0.0014641119632869959
429,0.0014697425067424774,0.0014632483944296837
430,0.001468866947107017,0.0014623909955844283
431,0.0014679976738989353,0.0014615393010899425
432,0.0014671339886263013,0.0014606935437768698
433,0.0014662762405350804,0.001459853840060532
434,0.0014654245460405946,0.0014590200735256076
435,0.001464578788727522,0.0014581921277567744
436,0.0014637388521805406,0.0014573702355846763
437,0.0014629049692302942,0.001456554397009313
438,0.001462077139876783,0.0014557443792000413
439,0.001461255014874041,0.0014549402985721827
440,0.0014604389434680343,0.0014541423879563808
441,0.0014596290420740843,0.0014533502981066704
442,0.0014588248450309038,0.001452564145438373
443,0.0014580265851691365,0.0014517838135361671
444,0.0014572343789041042,0.0014510095352306962
445,0.0014564479934051633,0.001450241543352604
446,0.0014556677779182792,0.0014494790229946375
447,0.0014548932667821646,0.001448722672648728
448,0.0014541246928274632,0.0014479721430689096
449,0.001453362056054175,0.0014472276670858264
450,0.0014526055892929435,0.0014464890118688345
451,0.0014518547104671597,0.0014457560610026121
452,0.0014511096524074674,0.0014450292801484466
453,0.0014503707643598318,0.0014443082036450505
454,0.001449637464247644,0.0014435930643230677
455,0.001448910217732191,0.0014428837457671762
456,0.001448188559152186,0.001442180247977376
457,0.001447472837753594,0.0014414825709536672
458,0.0014467629371210933,0.001440790481865406
459,0.001446058857254684,0.00144010444637388
460,0.0014453604817390442,0.0014394241152331233
461,0.001444667810574174,0.0014387494884431362
462,0.0014439810765907168,0.0014380805660039186
463,0.0014432996977120638,0.0014374174643307924
464,0.0014426243724301457,0.0014367597177624702
465,0.0014419545186683536,0.0014361077919602394
466,0.001441290252842009,0.0014354616869241
467,0.001440631691366434,0.0014348209369927645
468,0.0014399788342416286,0.0014341857749968767
469,0.0014393313322216272,0.0014335563173517585
470,0.0014386896509677172,0.0014329323312267661
471,0.0014380533248186111,0.0014323139330372214
472,0.001437422470189631,0.0014317008899524808
473,0.0014367970870807767,0.001431093318387866
474,0.0014361771754920483,0.0014304911019280553
475,0.0014355627354234457,0.0014298944734036922
476,0.0014349536504596472,0.0014293030835688114
477,0.0014343499206006527,0.0014287169324234128
478,0.0014337514294311404,0.00142813625279814
479,0.001433158409781754,0.0014275608118623495
480,0.0014325706288218498,0.0014269904932007194
481,0.0014319880865514278,0.001426425646059215
482,0.0014314106665551662,0.0014258658047765493
483,0.0014308384852483869,0.0014253112021833658
484,0.0014302714262157679,0.001424761489033699
485,0.0014297094894573092,0.0014242171309888363
486,0.0014291527913883328,0.0014236776623874903
487,0.0014286007499322295,0.0014231433160603046
488,0.001428054179996252,0.0014226138591766357
489,0.0014275121502578259,0.0014220895245671272
490,0.0014269755920395255,0.0014215699629858136
491,0.0014264435740187764,0.0014210554072633386
492,0.0014259166782721877,0.0014205455081537366
493,0.001425394439138472,0.0014200404984876513
494,0.001424877205863595,0.0014195404946804047
495,0.001424364629201591,0.0014190449146553874
496,0.00142385670915246,0.0014185542240738869
497,0.001423353678546846,0.0014180683065205812
498,0.0014228553045541048,0.0014175869291648269
499,0.0014223617035895586,0.001417109975591302
500,0.0014218726428225636,0.0014166377950459719
501,0.0014213877730071545,0.001416170271113515
502,0.0014209079090505838,0.0014157070545479655
503,0.0014204325852915645,0.0014152482617646456
504,0.0014199615688994527,0.001414793892763555
505,0.0014194949762895703,0.0014143440639600158
506,0.0014190328074619174,0.001413898658938706
507,0.001418575062416494,0.0014134574448689818
508,0.0014181215083226562,0.0014130206545814872
509,0.0014176724944263697,0.0014125879388302565
510,0.0014172275550663471,0.0014121594140306115
511,0.001416787039488554,0.0014117351965978742
512,0.0014163505984470248,0.0014113151701167226
513,0.0014159183483570814,0.0014108991017565131
514,0.001415490172803402,0.0014104871079325676
515,0.0014150660717859864,0.0014100793050602078
516,0.0014146461617201567,0.0014096754603087902
517,0.001414230209775269,0.0014092754572629929
518,0.0014138182159513235,0.0014088796451687813
519,0.0014134104130789638,0.0014084875583648682
520,0.0014130062190815806,0.0014080994296818972
521,0.0014126060996204615,0.0014077150262892246
522,0.0014122098218649626,0.0014073345810174942
523,0.0014118172693997622,0.0014069578610360622
524,0.001411428558640182,0.001406584749929607
525,0.001411043806001544,0.0014062155969440937
526,0.0014106625458225608,0.0014058498200029135
527,0.0014102851273491979,0.0014054878847673535
528,0.0014099112013354897,0.0014051294419914484
529,0.00140954100061208,0.001404774491675198
530,0.001409174408763647,0.0014044232666492462
531,0.0014088114257901907,0.0014040754176676273
532,0.0014084519352763891,0.0014037310611456633
533,0.0014080958208069205,0.0014033900806680322
534,0.0014077431987971067,0.0014030527090653777
535,0.0014073943020775914,0.0014027184806764126
536,0.0014070486649870872,0.0014023876283317804
537,0.0014067062875255942,0.001402060268446803
538,0.001406367402523756,0.001401736051775515
539,0.001406031777150929,0.00140141521114856
540,0.0014056992949917912,0.0014010975137352943
541,0.0014053703052923083,0.0014007828431203961
542,0.001405044342391193,0.001400471432134509
543,0.0014047217555344105,0.0014001632807776332
544,0.0014044024283066392,0.0013998581562191248
545,0.0014040860114619136,0.001399556058458984
546,0.0014037727378308773,0.0013992571039125323
547,0.0014034626074135303,0.0013989610597491264
548,0.001403155503794551,0.001398668042384088
549,0.001402851426973939,0.0013983779354020953
550,0.0014025503769516945,0.00139809085521847
551,0.0014022522373124957,0.0013978065690025687
552,0.0014019571244716644,0.0013975250767543912
553,0.001401664805598557,0.0013972464948892593
554,0.0014013753971084952,0.0013969707069918513
555,0.0014010888990014791,0.001396697829477489
556,0.0014008053112775087,0.0013964276295155287
557,0.0014005244011059403,0.0013961602235212922
558,0.001400246168486774,0.001395895378664136
559,0.001399970962665975,0.0013956332113593817
560,0.0013996982015669346,0.0013953737216070294
561,0.0013994283508509398,0.0013951169094070792
562,0.001399161061272025,0.0013948626583442092
563,0.0013988965656608343,0.0013946109684184194
564,0.0013986345147714019,0.0013943619560450315
565,0.0013983750250190496,0.0013941152719780803
566,0.0013981182128190994,0.0013938711490482092
567,0.0013978638453409076,0.0013936294708400965
568,0.0013976121554151177,0.0013933902373537421
569,0.0013973626773804426,0.0013931534485891461
570,0.0013971159933134913,0.0013929189881309867
571,0.0013968716375529766,0.0013926870888099074
572,0.0013966297265142202,0.001392457284964621
573,0.0013963901437819004,0.001392229925841093
574,0.0013961528893560171,0.0013920047786086798
575,0.0013959180796518922,0.0013917818432673812
576,0.001395685481838882,0.001391561352647841
577,0.0013954553287476301,0.0013913428410887718
578,0.001395227387547493,0.001391126774251461
579,0.0013950016582384706,0.0013909128028899431
580,0.0013947782572358847,0.001390700927004218
581,0.0013945569517090917,0.0013904912630096078
582,0.0013943378580734134,0.0013902835780754685
583,0.001394120859913528,0.0013900779886171222
584,0.0013939059572294354,0.0013898744946345687
585,0.0013936934992671013,0.0013896729797124863
586,0.0013934827875345945,0.0013894735602661967
587,0.0013932742876932025,0.0013892761198803782
588,0.0013930677669122815,0.0013890806585550308
589,0.0013928633416071534,0.0013888870598748326
590,0.0013926608953624964,0.0013886954402551055
591,0.0013924604281783104,0.0013885057996958494
592,0.0013922620564699173,0.0013883179053664207
593,0.0013920655474066734,0.0013881318736821413
594,0.001391870784573257,0.001387947704643011
595,0.0013916780008003116,0.0013877653982490301
596,0.0013914870796725154,0.0013875848380848765
597,0.0013912980211898685,0.0013874061405658722
598,0.0013911109417676926,0.0013872290728613734
599,0.001390925608575344,0.001387053751386702
600,0.0013907417887821794,0.001386880176141858
601,0.0013905599480494857,0.0013867083471268415
602,0.0013903799699619412,0.0013865381479263306
603,0.0013902016216889024,0.0013863695785403252
604,0.001390024903230369,0.0013862026389688253
605,0.001389850047416985,0.001386037329211831
606,0.0013896767050027847,0.0013858736492693424
607,0.00138950499240309,0.0013857113663107157
608,0.0013893350260332227,0.0013855507131665945
609,0.001389166573062539,0.001385391689836979
610,0.001388999749906361,0.0013852340634912252
611,0.0013888344401493669,0.0013850779505446553
612,0.0013886707602068782,0.001384923467412591
613,0.001388508710078895,0.0013847702648490667
614,0.001388347940519452,0.001384618692100048
615,0.0013881889171898365,0.0013844682835042477
616,0.001388031174428761,0.001384319388307631
617,0.001387875061482191,0.0013841718900948763
618,0.0013877202291041613,0.0013840257888659835
619,0.0013875669101253152,0.0013838809682056308
620,0.0013874148717150092,0.0013837374281138182
621,0.0013872642302885652,0.0013835952850058675
622,0.0013871151022613049,0.0013834545388817787
623,0.0013869672548025846,0.0013833148404955864
624,0.0013868206879124045,0.0013831764226779342
625,0.0013866754015907645,0.0013830394018441439
626,0.0013865315122529864,0.0013829035451635718
627,0.0013863887870684266,0.001382768852636218
628,0.0013862475752830505,0.0013826354406774044
629,0.001386107294820249,0.0013825030764564872
630,0.0013859685277566314,0.00138237199280411
631,0.0013858306920155883,0.0013822418404743075
632,0.0013856941368430853,0.0013821128522977233
633,0.0013855588622391224,0.001381985261105001
634,0.0013854247517883778,0.0013818584848195314
635,0.0013852916890755296,0.0013817327562719584
636,0.0013851597905158997,0.0013816081918776035
637,0.0013850288232788444,0.001381484791636467
638,0.001384899253025651,0.001381362322717905
639,0.001384770730510354,0.0013812407851219177
640,0.0013846432557329535,0.001381120178848505
641,0.0013845165958628058,0.0013810008531436324
642,0.0013843911001458764,0.0013808822259306908
643,0.0013842667685821652,0.0013807646464556456
644,0.0013841433683410287,0.001380647998303175
645,0.001384020783007145,0.001380532281473279
646,0.0013838994782418013,0.0013804173795506358
647,0.0013837788719683886,0.001380303525365889
648,0.0013836593134328723,0.0013801904860883951
649,0.0013835406862199306,0.0013800783781334758
650,0.0013834229903295636,0.0013799670850858092
651,0.0013833062257617712,0.0013798566069453955
652,0.0013831901596859097,0.0013797467108815908
653,0.0013830751413479447,0.0013796380953863263
654,0.0013829608215019107,0.0013795298291370273
655,0.001382847665809095,0.0013794228434562683
656,0.0013827349757775664,0.0013793162070214748
657,0.0013826233334839344,0.0013792106183245778
658,0.0013825125060975552,0.001379105495288968
659,0.0013824024936184287,0.0013790016528218985
660,0.001382293296046555,0.0013788975775241852
661,0.0013821847969666123,0.0013787958305329084
662,0.001382077345624566,0.001378693268634379
663,0.0013819707091897726,0.0013785937335342169
664,0.0013818652369081974,0.0013784931506961584
665,0.001381761278025806,0.0013783978065475821
666,0.0013816592982038856,0.001378301065415144
667,0.0013815603451803327,0.001378215616568923
668,0.001381466630846262,0.0013781310990452766
669,0.0013813823461532593,0.0013780747540295124
670,0.0013813150580972433,0.0013780358713120222
671,0.0013812800170853734,0.0013780794106423855
672,0.001381307258270681,0.0013782157329842448
673,0.0013814548728987575,0.0013786269119009376
674,0.0013818388106301427,0.0013794490369036794
675,0.0013826864305883646,0.0013812617398798466
676,0.0013844500062987208,0.0013847475638613105
677,0.0013879872858524323,0.0013917895266786218
678,0.001394934137351811,0.0014046921860426664
679,0.0014079342363402247,0.0014278334565460682
680,0.001430886215530336,0.0014624689938500524
681,0.001465700101107359,0.0015047453343868256
682,0.0015076412819325924,0.0015292682219296694
683,0.0015324901323765516,0.0015102869365364313
684,0.0015131478430703282,0.0014444959815591574
685,0.0014477500226348639,0.0013862656196579337
686,0.001389383221976459,0.0013824993511661887
687,0.001385627780109644,0.0014208659995347261
688,0.0014240714954212308,0.0014472949551418424
689,0.0014502827543765306,0.00142724032048136
690,0.0014304082142189145,0.00138819869607687
691,0.001391292898915708,0.0013772398233413696
692,0.0013803605688735843,0.0013991465093567967
693,0.0014023013645783067,0.0014157252153381705
694,0.001418735017068684,0.0014018957735970616
695,0.0014050510944798589,0.0013794979313388467
696,0.0013825808418914676,0.0013784501934424043
697,0.0013815322890877724,0.0013937109615653753
698,0.0013968496350571513,0.0013983073877170682
699,0.0014013232430443168,0.001385234878398478
700,0.001388350734487176,0.0013752897502854466
701,0.001378371613100171,0.0013807557988911867
702,0.0013838072773069143,0.0013890546979382634
703,0.0013921529753133655,0.00138604745734483
704,0.0013890763511881232,0.001376937492750585
705,0.0013800213346257806,0.0013755391119048
706,0.0013786174822598696,0.001381446374580264
707,0.001384478877298534,0.0013832761906087399
708,0.0013863695785403252,0.0013782645110040903
709,0.0013813069090247154,0.0013744388706982136
710,0.0013775075785815716,0.0013767244527116418
711,0.0013798045692965388,0.0013798485742881894
712,0.0013828842202201486,0.0013782161986455321
713,0.0013812936376780272,0.0013747286284342408
714,0.0013777794083580375,0.0013744669267907739
715,0.0013775154948234558,0.001376745174638927
716,0.001379809807986021,0.001377248321659863
717,0.001380273373797536,0.0013750875368714333
718,0.0013781404122710228,0.0013737014960497618
719,0.0013767397031188011,0.0013746615732088685
720,0.0013776842970401049,0.0013757426058873534
721,0.0013787877978757024,0.0013750551734119654
722,0.001378069631755352,0.0013736224500462413
723,0.0013766551855951548,0.0013734754174947739
724,0.0013765061739832163,0.0013743367744609714
725,0.0013773516984656453,0.001374485669657588
726,0.0013775218976661563,0.0013736543478444219
727,0.0013766724150627851,0.0013729945058003068
728,0.001376021304167807,0.001373243983834982
729,0.0013762753224000335,0.001373688573949039
730,0.0013767031487077475,0.0013734395615756512
731,0.0013764712493866682,0.00137284433003515
732,0.0013758623972535133,0.0013726305915042758
733,0.0013756495900452137,0.0013728744816035032
734,0.001375898951664567,0.0013730055652558804
735,0.0013760144356638193,0.0013726886827498674
736,0.0013757084961980581,0.0013723337324336171
737,0.001375344698317349,0.0013722919393330812
738,0.001375300227664411,0.0013724260497838259
739,0.0013754398096352816,0.0013724020682275295
740,0.0013754033716395497,0.0013721359428018332
741,0.0013751450460404158,0.0013719304697588086
742,0.0013749339850619435,0.0013719252310693264
743,0.001374924904666841,0.0013719666749238968
744,0.0013749717036262155,0.0013718880945816636
745,0.0013748831115663052,0.001371687394566834
746,0.0013746876502409577,0.0013715556124225259
747,0.001374552259221673,0.001371540129184723
748,0.0013745329342782497,0.0013715265085920691
749,0.0013745237374678254,0.0013714372180402279
750,0.0013744268799200654,0.001371285179629922
751,0.0013742787996307015,0.0013711847132071853
752,0.0013741761213168502,0.0013711509527638555
753,0.0013741388684138656,0.001371108926832676
754,0.0013741005677729845,0.0013710238272324204
755,0.0013740092981606722,0.0013709033373743296
756,0.001373891020193696,0.0013708156766369939
757,0.0013738011475652456,0.0013707668986171484
758,0.0013737493427470326,0.001370711950585246
759,0.0013736962573602796,0.001370633253827691
760,0.0013736123219132423,0.001370531739667058
761,0.0013735122047364712,0.0013704492012038827
762,0.0013734273379668593,0.001370389829389751
763,0.0013733652886003256,0.0013703277800232172
764,0.00137330440338701,0.0013702540891245008
765,0.0013732265215367079,0.0013701636344194412
766,0.0013731371145695448,0.001370083075016737
767,0.0013730545761063695,0.0013700162526220083
768,0.0013729858910664916,0.0013699500123038888
769,0.001372920349240303,0.0013698788825422525
770,0.0013728460762649775,0.0013697956455871463
771,0.001372763654217124,0.0013697168324142694
772,0.001372682861983776,0.0013696453534066677
773,0.0013726101024076343,0.0013695764355361462
774,0.0013725410681217909,0.0013695064699277282
775,0.0013724685413762927,0.001369427889585495
776,0.001372390310280025,0.0013693509390577674
777,0.0013723113806918263,0.0013692767824977636
778,0.0013722361763939261,0.0013692056527361274
779,0.0013721645809710026,0.0013691355707123876
780,0.001372092287056148,0.0013690597843378782
781,0.0013720166170969605,0.0013689844636246562
782,0.0013719393173232675,0.0013689089100807905
783,0.001371862948872149,0.0013688360340893269
784,0.0013717893743887544,0.0013687647879123688
785,0.0013717163819819689,0.0013686905149370432
786,0.0013716419925913215,0.0013686161255463958
787,0.0013715658569708467,0.0013685403391718864
788,0.00137148960493505,0.0013684662990272045
789,0.0013714145170524716,0.0013683934230357409
790,0.0013713404769077897,0.0013683196157217026
791,0.0013712662039324641,0.0013682458084076643
792,0.001371190883219242,0.0013681701384484768
793,0.001371114980429411,0.0013680955162271857
794,0.0013710391940549016,0.001368021359667182
795,0.0013709639897570014,0.0013679470866918564
796,0.0013708891347050667,0.00136787339579314
797,0.0013708141632378101,0.001367798075079918
798,0.0013707384932786226,0.0013677231036126614
799,0.0013706624740734696,0.001367648015730083
800,0.0013705864548683167,0.00136757327709347
801,0.001370510901324451,0.0013674987712875009
802,0.0013704354641959071,0.0013674235669896007
803,0.0013703597942367196,0.0013673485955223441
804,0.001370283542200923,0.0013672725763171911
805,0.0013702072901651263,0.001367197372019291
806,0.0013701310381293297,0.001367121934890747
807,0.001370054786093533,0.0013670462649315596
808,0.00136997876688838,0.0013669708278030157
809,0.0013699022820219398,0.0013668948085978627
810,0.0013698255643248558,0.0013668187893927097
811,0.0013697489630430937,0.001366742537356913
812,0.001369672128930688,0.00136666651815176
813,0.0013695952948182821,0.0013665902661159635
814,0.0013695182278752327,0.0013665136648342013
815,0.001369441393762827,0.0013664372963830829
816,0.0013693640939891338,0.001366360462270677
817,0.001369286677800119,0.0013662836281582713
818,0.001369209261611104,0.0013662067940458655
819,0.0013691316125914454,0.0013661296106874943
820,0.0013690541964024305,0.0013660526601597667
821,0.0013689763145521283,0.00136597512755543
822,0.0013688983162865043,0.001365897711366415
823,0.0013688203180208802,0.0013658198295161128
824,0.0013687420869246125,0.001365742296911776
825,0.001368663739413023,0.001365664298646152
826,0.0013685853919014335,0.0013655861839652061
827,0.0013685068115592003,0.0013655080692842603
828,0.0013684279983863235,0.0013654297217726707
829,0.0013683491852134466,0.0013653511414304376
830,0.0013682701392099261,0.0013652724446728826
831,0.0013681909767910838,0.0013651936315000057
832,0.0013681116979569197,0.001365114701911807
833,0.0013680321862921119,0.001365035423077643
834,0.001367952674627304,0.0013649562606588006
835,0.0013678728137165308,0.0013648767489939928
836,0.0013677930692210793,0.0013647971209138632
837,0.0013677129754796624,0.00136471726000309
838,0.0013676326489076018,0.0013646373990923166
839,0.0013675523223355412,0.0013645571889355779
840,0.0013674718793481588,0.0013644768623635173
841,0.001367391087114811,0.0013643964193761349
842,0.001367310294881463,0.001364315627142787
843,0.0013672292698174715,0.001364234834909439
844,0.0013671480119228363,0.0013641538098454475
845,0.0013670665211975574,0.0013640725519508123
846,0.0013669851468876004,0.0013639911776408553
847,0.001366903306916356,0.0013639095705002546
848,0.0013668214669451118,0.0013638278469443321
849,0.0013667393941432238,0.0013637457741424441
850,0.001366657204926014,0.0013636637013405561
851,0.0013665746664628386,0.0013635812792927027
852,0.0013664921279996634,0.0013634988572448492
853,0.0013664093567058444,0.001363416202366352
854,0.0013663263525813818,0.0013633331982418895
855,0.0013662431156262755,0.001363250077702105
856,0.0013661597622558475,0.0013631668407469988
857,0.0013660762924700975,0.001363083254545927
858,0.0013659924734383821,0.0013629994355142117
859,0.001365908537991345,0.0013629156164824963
860,0.001365824369713664,0.0013628315646201372
861,0.0013657400850206614,0.0013627470470964909
862,0.001365655567497015,0.0013626625295728445
863,0.001365570817142725,0.0013625777792185545
864,0.0013654858339577913,0.0013624927960336208
865,0.0013654007343575358,0.0013624075800180435
866,0.001365315169095993,0.0013623222475871444
867,0.001365229720249772,0.001362236449494958
868,0.0013651438057422638,0.0013621506514027715
869,0.0013650578912347555,0.0013620645040646195
870,0.0013649716274812818,0.0013619782403111458
871,0.0013648851308971643,0.0013618916273117065
872,0.001364798517897725,0.0013618047814816236
873,0.0013647116720676422,0.0013617179356515408
874,0.0013646245934069157,0.0013616306241601706
875,0.0013645372819155455,0.0013615431962534785
876,0.0013644497375935316,0.001361455419100821
877,0.0013643618440255523,0.0013613675255328417
878,0.001364273950457573,0.0013612792827188969
879,0.0013641855912283063,0.0013611909234896302
880,0.0013640971155837178,0.001361102215014398
881,0.0013640085235238075,0.0013610132737085223
882,0.001363919349387288,0.0013609242159873247
883,0.0013638302916660905,0.0013608346926048398
884,0.0013637408846989274,0.0013607451692223549
885,0.0013636511284857988,0.0013606551801785827
886,0.0013635612558573484,0.0013605649583041668
887,0.0013634710339829326,0.001360474620014429
888,0.001363380579277873,0.001360383816063404
889,0.0013632900081574917,0.0013602928956970572
890,0.001363198971375823,0.0013602017425000668
891,0.0013631079345941544,0.0013601103564724326
892,0.0013630164321511984,0.001360018621198833
893,0.0013629249297082424,0.0013599266530945897
894,0.0013628329616039991,0.001359834335744381
895,0.0013627406442537904,0.0013597419019788504
896,0.0013626482104882598,0.0013596491189673543
897,0.0013625554274767637,0.001359555870294571
898,0.001362462411634624,0.0013594626216217875
899,0.0013623691629618406,0.0013593689072877169
900,0.0013622755650430918,0.0013592750765383244
901,0.0013621817342936993,0.0013591808965429664
902,0.001362087670713663,0.0013590864837169647
903,0.0013619933743029833,0.0013589917216449976
904,0.001361898728646338,0.0013588967267423868
905,0.001361803850159049,0.0013588012661784887
906,0.0013617085060104728,0.0013587056891992688
907,0.0013616129290312529,0.0013586097629740834
908,0.0013615172356367111,0.0013585134875029325
909,0.001361421076580882,0.001358416979201138
910,0.0013613248011097312,0.0013583202380686998
911,0.001361228059977293,0.0013582230312749743
912,0.001361131202429533,0.001358125708065927
913,0.0013610338792204857,0.0013580280356109142
914,0.0013609363231807947,0.0013579298974946141
915,0.0013608384178951383,0.0013578316429629922
916,0.0013607402797788382,0.001357732922770083
917,0.0013606417924165726,0.00135763396974653
918,0.0013605430722236633,0.0013575346674770117
919,0.0013604440027847886,0.0013574352487921715
920,0.0013603445840999484,0.0013573351316154003
921,0.0013602448161691427,0.0013572350144386292
922,0.0013601448154076934,0.0013571344316005707
923,0.0013600445818156004,0.0013570336159318686
924,0.0013599437661468983,0.001356932451017201
925,0.0013598428340628743,0.001356830820441246
926,0.001359741436317563,0.0013567289570346475
927,0.00135963992215693,0.0013566267443820834
928,0.0013595378259196877,0.0013565241824835539
929,0.0013594356132671237,0.0013564212713390589
930,0.0013593328185379505,0.0013563181273639202
931,0.0013592299073934555,0.0013562145177274942
932,0.001359126647002995,0.0013561105588451028
933,0.001359023037366569,0.0013560063671320677
934,0.0013589190784841776,0.0013559017097577453
935,0.0013588146539404988,0.0013557967031374574
936,0.0013587099965661764,0.001355691347271204
937,0.0013586048735305667,0.001355585758574307
938,0.0013584996340796351,0.0013554797042161226
939,0.0013583938125520945,0.0013553733006119728
940,0.0013582876417785883,0.0013552665477618575
941,0.0013581811217591166,0.0013551594456657767
942,0.0013580743689090014,0.0013550519943237305
943,0.0013579671503975987,0.001354944077320397
944,0.0013578596990555525,0.0013548358110710979
945,0.001357751665636897,0.0013547273119911551
946,0.0013576432829722762,0.0013546182308346033
947,0.0013575345510616899,0.0013545089168474078
948,0.0013574257027357817,0.0013543990207836032
949,0.0013573161559179425,0.0013542890083044767
950,0.001357206259854138,0.0013541784137487411
951,0.0013570962473750114,0.00135406746994704
952,0.001356985536403954,0.0013539561768993735
953,0.0013568747090175748,0.0013538444181904197
954,0.0013567632995545864,0.0013537323102355003
955,0.0013566515408456326,0.0013536199694499373
956,0.0013565394328907132,0.0013535069301724434
957,0.0013564267428591847,0.001353393541648984
958,0.0013563139364123344,0.001353279803879559
959,0.0013562004314735532,0.0013531656004488468
960,0.0013560865772888064,0.0013530510477721691
961,0.001355972490273416,0.001352936145849526
962,0.0013558579375967383,0.0013528206618502736
963,0.0013557428028434515,0.0013527048286050558
964,0.001355627435259521,0.0013525885296985507
965,0.0013555116020143032,0.0013524718815460801
966,0.0013553951866924763,0.001352354884147644
967,0.0013552785385400057,0.0013522373046725988
968,0.0013551614247262478,0.0013521193759515882
969,0.0013550438452512026,0.0013520008651539683
970,0.00135492580011487,0.0013518821215257049
971,0.0013548072893172503,0.0013517627958208323
972,0.001354688429273665,0.0013516428880393505
973,0.0013545691035687923,0.0013515227474272251
974,0.0013544493122026324,0.0013514021411538124
975,0.001354329171590507,0.0013512810692191124
976,0.0013542084489017725,0.0013511594152078032
977,0.0013540872605517507,0.0013510372955352068
978,0.0013539656065404415,0.0013509149430319667
979,0.001353843486867845,0.0013507917756214738
980,0.0013537210179492831,0.0013506683753803372
981,0.001353597966954112,0.0013505445094779134
982,0.0013534744502976537,0.0013504200614988804
983,0.001353350467979908,0.0013502950314432383
984,0.0013532261364161968,0.0013501698849722743
985,0.0013531011063605547,0.0013500439235940576
986,0.001352975727058947,0.0013499176129698753
987,0.0013528497656807303,0.0013497906038537621
988,0.0013527234550565481,0.0013496633619070053
989,0.0013525965623557568,0.0013495355378836393
990,0.0013524690875783563,0.0013494071317836642
991,0.0013523411471396685,0.0013492782600224018
992,0.0013522128574550152,0.0013491488061845303
993,0.001352083869278431,0.0013490190031006932
994,0.001351954648271203,0.001348888617940247
995,0.0013518246123567224,0.0013487576507031918
996,0.0013516941107809544,0.0013486262178048491
997,0.001351563143543899,0.0013484942028298974
998,0.0013514317106455564,0.0013483617221936584
999,0.0013512996956706047,0.0013482285430654883
1000,0.001351166982203722,0.0013480950146913528
1001,0.0013510339194908738,0.0013479609042406082
1002,0.0013509002747014165,0.0013478262117132545
1003,0.00135076604783535,0.0013476909371092916
1004,0.0013506313553079963,0.0013475550804287195
1005,0.0013504960807040334,0.0013474187580868602
1006,0.0013503601076081395,0.0013472818536683917
1007,0.0013502237852662802,0.001347144367173314
1008,0.0013500867644324899,0.0013470062986016273
1009,0.0013499492779374123,0.0013468677643686533
1010,0.0013498110929504037,0.0013467284152284265
1011,0.001349672325886786,0.0013465887168422341
1012,0.001349533093161881,0.0013464483199641109
1013,0.0013493933947756886,0.0013463073410093784
1014,0.0013492527650669217,0.0013461657799780369
1015,0.0013491117861121893,0.0013460235204547644
1016,0.001348970108665526,0.0013458809116855264
1017,0.0013488279655575752,0.0013457374880090356
1018,0.0013486851239576936,0.0013455934822559357
1019,0.0013485417002812028,0.0013454490108415484
1020,0.0013483974616974592,0.0013453037245199084
1021,0.0013482527574524283,0.0013451578561216593
1022,0.0013481075875461102,0.001345011405646801
1023,0.001347961719147861,0.0013448643730953336
1024,0.001347815035842359,0.0013447166420519352
1025,0.0013476678868755698,0.0013445683289319277
1026,0.0013475200394168496,0.0013444193173199892
1027,0.0013473716098815203,0.0013442696072161198
1028,0.00134722248185426,0.0013441191986203194
1029,0.0013470727717503905,0.0013439684407785535
1030,0.0013469222467392683,0.001343816751614213
1031,0.001346771139651537,0.0013436644803732634
1032,0.0013466193340718746,0.0013435115106403828
1033,0.001346467062830925,0.001343357958830893
1034,0.0013463139766827226,0.0013432035921141505
1035,0.0013461600756272674,0.0013430484104901552
1036,0.0013460057089105248,0.0013428928796201944
1037,0.0013458505272865295,0.0013427365338429809
1038,0.001345694763585925,0.0013425793731585145
1039,0.0013455383013933897,0.001342421630397439
1040,0.0013453810242936015,0.0013422633055597544
1041,0.0013452231651172042,0.001342104165814817
1042,0.0013450647238641977,0.0013419443275779486
1043,0.0013449054677039385,0.001341783907264471
1044,0.0013447453966364264,0.0013416227884590626
1045,0.0013445847434923053,0.0013414608547464013
1046,0.001344423508271575,0.0013412985717877746
1047,0.0013442616909742355,0.0013411352410912514
1048,0.0013440989423543215,0.0013409717939794064
1049,0.001343935844488442,0.001340807182714343
1050,0.0013437720481306314,0.0013406425714492798
1051,0.0013436077861115336,0.0013404771452769637
1052,0.0013434430584311485,0.0013403117191046476
1053,0.001343277981504798,0.0013401454780250788
1054,0.0013431126717478037,0.0013399799354374409
1055,0.0013429472455754876,0.001339813694357872
1056,0.0013427818194031715,0.0013396486174315214
1057,0.0013426169753074646,0.0013394833076745272
1058,0.0013424527132883668,0.0013393202098086476
1059,0.0013422894990071654,0.0013391575776040554
1060,0.0013421282637864351,0.0013389990199357271
1061,0.0013419693568721414,0.00133884244132787
1062,0.001341814175248146,0.0013386926148086786
1063,0.0013416637666523457,0.0013385472120717168
1064,0.001341520226560533,0.0013384135672822595
1065,0.0013413854176178575,0.0013382884208112955
1066,0.0013412627158686519,0.0013381832977756858
1067,0.0013411559630185366,0.0013380947057157755
1068,0.001341070281341672,0.0013380390591919422
1069,0.0013410121900960803,0.0013380139134824276
1070,0.0013409907696768641,0.001338043250143528
1071,0.001341016381047666,0.001338126603513956
1072,0.0013411047402769327,0.0013382985489442945
1073,0.0013412714470177889,0.0013385623460635543
1074,0.0013415415305644274,0.001338965492323041
1075,0.0013419376919046044,0.0013395164860412478
1076,0.0013424964854493737,0.0013402740005403757
1077,0.0013432445703074336,0.001341246417723596
1078,0.001344226999208331,0.0013424884527921677
1079,0.0013454561121761799,0.0013439852045848966
1080,0.0013469653204083443,0.0013457386521622539
1081,0.0013487024698406458,0.0013476551976054907
1082,0.0013506341492757201,0.001349593629129231
1083,0.0013525530230253935,0.0013513093581423163
1084,0.0013542865635827184,0.001352463266812265
1085,0.001355419517494738,0.0013527122791856527
1086,0.0013556891353800893,0.001351730665192008
1087,0.0013546871487051249,0.0013494379818439484
1088,0.0013524171663448215,0.0013460207264870405
1089,0.0013489826815202832,0.0013419949682429433
1090,0.001344978460110724,0.0013381020398810506
1091,0.0013410724932327867,0.0013350044609978795
1092,0.0013379888841882348,0.0013331846566870809
1093,0.0013361630262807012,0.0013326918706297874
1094,0.001335671404376626,0.0013332432135939598
1095,0.0013362261233851314,0.0013343333266675472
1096,0.0013373062247410417,0.0013353575486689806
1097,0.001338341273367405,0.0013358949217945337
1098,0.001338864560239017,0.0013356785057112575
1099,0.0013386617647483945,0.0013347974745556712
1100,0.0013377682771533728,0.0013334846589714289
1101,0.001336467918008566,0.0013321544975042343
1102,0.0013351297238841653,0.0013311083894222975
1103,0.0013340909499675035,0.0013305473839864135
1104,0.0013335279654711485,0.0013304447056725621
1105,0.0013334249379113317,0.0013306251494213939
1106,0.0013336107367649674,0.0013308682246133685
1107,0.0013338475255295634,0.0013309411006048322
1108,0.0013339297147467732,0.0013307664776220918
1109,0.0013337471755221486,0.0013303228188306093
1110,0.001333313062787056,0.0013297466794028878
1111,0.0013327301712706685,0.0013291501672938466
1112,0.0013321402948349714,0.0013286728644743562
1113,0.0013316593831405044,0.0013283520238474011
1114,0.001331340055912733,0.001328175887465477
1115,0.0013311648508533835,0.0013280813582241535
1116,0.0013310674112290144,0.0013279790291562676
1117,0.0013309697387740016,0.0013278278056532145
1118,0.0013308136258274317,0.0013275868259370327
1119,0.0013305788161233068,0.0013272928772494197
1120,0.0013302803272381425,0.0013269620249047875
1121,0.0013299549464136362,0.0013266481691971421
1122,0.001329638296738267,0.0013263585278764367
1123,0.0013293517986312509,0.0013261038111522794
1124,0.0013290968490764499,0.001325865974649787
1125,0.0013288595946505666,0.00132562720682472
1126,0.0013286230387166142,0.0013253799406811595
1127,0.0013283748412504792,0.0013251162599772215
1128,0.0013281140709295869,0.0013248521136119962
1129,0.001327848294749856,0.0013245901791378856
1130,0.001327589270658791,0.0013243468711152673
1131,0.001327344449236989,0.0013241162523627281
1132,0.001327115693129599,0.0013238978572189808
1133,0.001326896483078599,0.0013236780650913715
1134,0.0013266777386888862,0.0013234519865363836
1135,0.0013264513108879328,0.0013232127530500293
1136,0.001326213008724153,0.0013229658361524343
1137,0.0013259657425805926,0.001322713098488748
1138,0.0013257148675620556,0.0013224678114056587
1139,0.0013254680670797825,0.001322227530181408
1140,0.001325230929069221,0.0013220065739005804
1141,0.001325006945990026,0.0013217927189543843
1142,0.0013247976312413812,0.0013216051738709211
1143,0.0013246058952063322,0.001321431715041399
1144,0.0013244381407275796,0.0013213080819696188
1145,0.0013243085704743862,0.0013212335761636496
1146,0.0013242411660030484,0.0013212760677561164
1147,0.0013242758577689528,0.0013214630307629704
1148,0.0013244716683402658,0.0013219306711107492
1149,0.0013249278999865055,0.0013227813178673387
1150,0.0013257900718599558,0.001324322773143649
1151,0.001327313482761383,0.0013268458424136043
1152,0.0013298525009304285,0.001331045525148511
1153,0.0013340211007744074,0.0013375035487115383
1154,0.0013405017089098692,0.001347375102341175
1155,0.0013503191294148564,0.0013606681022793055
1156,0.0013636427465826273,0.0013771774247288704
1157,0.0013800682500004768,0.0013919066404923797
1158,0.0013948443811386824,0.0013992427848279476
1159,0.0014020886737853289,0.0013899786863476038
1160,0.0013929069973528385,0.001366004697047174
1161,0.001368883764371276,0.0013368664076551795
1162,0.0013398255687206984,0.001318925409577787
1163,0.0013218765379860997,0.0013191028265282512
1164,0.0013220371911302209,0.0013315425021573901
1165,0.0013345044571906328,0.0013436450390145183
1166,0.0013465351657941937,0.0013449834659695625
1167,0.0013479392509907484,0.001335609587840736
1168,0.001338545000180602,0.0013229259056970477
1169,0.0013259077677503228,0.001316189649514854
1170,0.0013191947946324944,0.0013178670778870583
1171,0.0013208556920289993,0.0013235074002295732
1172,0.0013265307061374187,0.00132704246789217
1173,0.0013300289865583181,0.001325268647633493
1174,0.0013282941654324532,0.0013201599940657616
1175,0.0013231796910986304,0.0013154144398868084
1176,0.0013184420531615615,0.001313772052526474
1177,0.001316816546022892,0.0013151053572073579
1178,0.0013181191170588136,0.001317183137871325
1179,0.0013202124973759055,0.0013179343659430742
1180,0.0013209342723712325,0.0013164147967472672
1181,0.0013194188941270113,0.0013136306079104543
1182,0.0013166306307539344,0.0013113004388287663
1183,0.0013142901007086039,0.0013106982223689556
1184,0.0013136982452124357,0.0013117124326527119
1185,0.0013146970886737108,0.0013128896243870258
1186,0.0013158839428797364,0.0013128657592460513
1187,0.001315856701694429,0.0013113179011270404
1188,0.0013143150135874748,0.001309309620410204
1189,0.0013123125536367297,0.0013081342913210392
1190,0.0013111404841765761,0.0013082250952720642
1191,0.0013112357119098306,0.0013089166022837162
1192,0.0013119276845827699,0.0013091866858303547
1193,0.0013122030068188906,0.0013086196267977357
1194,0.0013116340851411223,0.0013075261376798153
1195,0.001310549327172339,0.0013065655948594213
1196,0.0013095811009407043,0.0013060247292742133
1197,0.0013090481515973806,0.0013058335753157735
1198,0.0013088476844131947,0.0013057123869657516
1199,0.0013087268453091383,0.0013055292656645179
1200,0.0013085446553304791,0.0013052821159362793
1201,0.0013082870282232761,0.0013049166882410645
1202,0.0013079337077215314,0.0013044389197602868
1203,0.0013074405724182725,0.001303809229284525
1204,0.0013068242697045207,0.0013032108545303345
1205,0.0013062163488939404,0.0013027621898800135
1206,0.0013057704782113433,0.0013025099178776145
1207,0.0013055206509307027,0.0013023540377616882
1208,0.0013053558068349957,0.0013021170161664486
1209,0.0013051301939412951,0.0013017847668379545
1210,0.0013047857210040092,0.0013013507705181837
1211,0.0013043630169704556,0.0013009196845814586
1212,0.001303924131207168,0.0013004771899431944
1213,0.0013034868752583861,0.0013000330654904246
1214,0.0013030406553298235,0.001299583469517529
1215,0.0013025912921875715,0.0012991639086976647
1216,0.0013021721970289946,0.0012988003436475992
1217,0.0013018077006563544,0.0012984753120690584
1218,0.0013014836004003882,0.0012981548206880689
1219,0.001301161595620215,0.0012978079030290246
1220,0.001300817122682929,0.0012974522542208433
1221,0.0013004568172618747,0.0012970856623724103
1222,0.0013000958133488894,0.0012967356014996767
1223,0.001299736904911697,0.001296357368119061
1224,0.0012993667041882873,0.001295979367569089
1225,0.0012989779934287071,0.0012955715646967292
1226,0.0012985782232135534,0.0012951843673363328
1227,0.0012981818290427327,0.0012947899522259831
1228,0.0012977937003597617,0.001294412650167942
1229,0.0012974091805517673,0.001294020446948707
1230,0.0012970227980986238,0.0012936454731971025
1231,0.001296639908105135,0.0012932681711390615
1232,0.0012962706387043,0.0012929324293509126
1233,0.0012959240702912211,0.0012926014605909586
1234,0.0012956048594787717,0.0012923345202580094
1235,0.0012953237164765596,0.0012920990120619535
1236,0.001295103575102985,0.0012920028530061245
1237,0.00129498855676502,0.0012920360313728452
1238,0.0012950417585670948,0.0012923945905640721
1239,0.0012953730765730143,0.001293144654482603
1240,0.0012961523607373238,0.001294740941375494
1241,0.0012977042933925986,0.0012975155841559172
1242,0.0013005255023017526,0.0013026222586631775
1243,0.001305556041188538,0.001311102882027626
1244,0.001314110355451703,0.0013257198734208941
1245,0.0013285914901643991,0.0013483214424923062
1246,0.0013513050507754087,0.00138275814242661
1247,0.0013855042634531856,0.0014243372716009617
1248,0.0014272520784288645,0.0014650308294221759
1249,0.001467605005018413,0.0014729902613908052
1250,0.0014758463948965073,0.0014341241912916303
1251,0.001436709426343441,0.0013553907629102468
1252,0.0013583090621978045,0.0012945792404934764
1253,0.0012974243145436049,0.0012910504592582583
1254,0.0012938855215907097,0.0013304532039910555
1255,0.0013333737151697278,0.00136182876303792
1256,0.0013645000290125608,0.0013472524005919695
1257,0.0013501639477908611,0.0013059627963230014
1258,0.00130879832431674,0.001282743876799941
1259,0.0012856745161116123,0.0012968252412974834
1260,0.0012998091988265514,0.0013208191376179457
1261,0.001323676435276866,0.0013195598730817437
1262,0.0013225763104856014,0.0012962456094101071
1263,0.001299206167459488,0.0012804926373064518
1264,0.0012835324741899967,0.0012883177259936929
1265,0.001291388412937522,0.0013025702210143209
1266,0.0013055389281362295,0.0013005082728341222
1267,0.0013035825686529279,0.0012859434355050325
1268,0.0012889434583485126,0.0012782554840669036
1269,0.001281284261494875,0.0012845792807638645
1270,0.0012876159744337201,0.0012919912114739418
1271,0.0012949222000315785,0.0012883336748927832
1272,0.001291348016820848,0.00127932068426162
1273,0.0012822648277506232,0.0012764859711751342
1274,0.0012794430367648602,0.0012810970656573772
1275,0.0012840755516663194,0.0012843026779592037
1276,0.0012872035149484873,0.0012806510785594583
1277,0.0012836349196732044,0.0012753024930134416
1278,0.0012782461708411574,0.0012744296109303832
1279,0.0012773895869031549,0.0012772618792951107
1280,0.0012802628334611654,0.0012784290593117476
1281,0.001281374366953969,0.0012755772331729531
1282,0.001278596231713891,0.0012723354157060385
1283,0.0012753255432471633,0.0012719642836600542
1284,0.0012749580200761557,0.0012735212221741676
1285,0.001276547322049737,0.0012738980585709214
1286,0.0012768687447533011,0.0012719075893983245
1287,0.001274927519261837,0.0012697899946942925
1288,0.0012727787252515554,0.0012693512253463268
1289,0.0012723334366455674,0.0012700571678578854
1290,0.0012730597518384457,0.0012701842933893204
1291,0.0012731383321806788,0.0012689018622040749
1292,0.0012718916404992342,0.0012673834571614861
1293,0.0012703456450253725,0.0012667035916820168
1294,0.0012696654302999377,0.0012668258277699351
1295,0.0012698034988716245,0.0012668648269027472
1296,0.0012698096688836813,0.0012660943903028965
1297,0.0012690718285739422,0.0012649678392335773
1298,0.0012679218780249357,0.001264106365852058
1299,0.0012670702999457717,0.0012638020562008023
1300,0.0012667723931372166,0.0012637022882699966
1301,0.0012666527181863785,0.0012632545549422503
1302,0.0012662304798141122,0.0012624822556972504
1303,0.0012654343154281378,0.0012616082094609737
1304,0.0012645769165828824,0.0012610015692189336
1305,0.0012639652704820037,0.0012606533709913492
1306,0.0012636084575206041,0.0012603066861629486
1307,0.001263277605175972,0.0012598203029483557
1308,0.0012627687538042665,0.0012591095874086022
1309,0.001262076897546649,0.0012584063224494457
1310,0.0012613593135029078,0.0012578070163726807
1311,0.0012607625685632229,0.0012573404237627983
1312,0.0012602998176589608,0.0012569258688017726
1313,0.0012598703615367413,0.0012564081698656082
1314,0.0012593670981004834,0.0012558229500427842
1315,0.0012587641831487417,0.0012551634572446346
1316,0.001258114934898913,0.0012545508798211813
1317,0.001257494674064219,0.0012539983727037907
1318,0.0012569406535476446,0.0012534874258562922
1319,0.001256434479728341,0.0012529919622465968
1320,0.0012559281894937158,0.001252434798516333
1321,0.0012553826672956347,0.0012518565636128187
1322,0.0012547922087833285,0.0012512336252257228
1323,0.0012541792821139097,0.0012506338534876704
1324,0.0012535733403638005,0.0012500500306487083
1325,0.0012529919622465968,0.0012494896072894335
1326,0.0012524339836090803,0.0012489469954743981
1327,0.0012518854346126318,0.001248382031917572
1328,0.0012513288529589772,0.0012478175340220332
1329,0.0012507541105151176,0.0012472160160541534
1330,0.0012501614401116967,0.0012466213665902615
1331,0.0012495579430833459,0.001246011583134532
1332,0.0012489530490711331,0.0012454157695174217
1333,0.0012483532773330808,0.001244823564775288
1334,0.0012477609561756253,0.0012442355509847403
1335,0.001247173990122974,0.0012436542892828584
1336,0.0012465884210541844,0.001243060571141541
1337,0.0012459998251870275,0.0012424730230122805
1338,0.0012454056413844228,0.001241864520125091
1339,0.0012448044726625085,0.001241263817064464
1340,0.0012441971339285374,0.0012406442547217011
1341,0.0012435847893357277,0.0012400337727740407
1342,0.001242969068698585,0.001239410717971623
1343,0.0012423512525856495,0.0012387947645038366
1344,0.0012417325051501393,0.0012381721753627062
1345,0.0012411129428073764,0.0012375524966046214
1346,0.001240492332726717,0.0012369301402941346
1347,0.0012398710241541266,0.001236306270584464
1348,0.0012392482021823525,0.0012356826337054372
1349,0.0012386237503960729,0.0012350535253062844
1350,0.0012379973195493221,0.001234427560120821
1351,0.0012373690260574222,0.0012337927473708987
1352,0.0012367386370897293,0.0012331641046330333
1353,0.0012361062690615654,0.0012325240531936288
1354,0.001235472271218896,0.0012318935478106141
1355,0.0012348369928076863,0.0012312497710809112
1356,0.001234200899489224,0.0012306205462664366
1357,0.001233565155416727,0.0012299760710448027
1358,0.0012329312739893794,0.0012293560430407524
1359,0.0012323015835136175,0.0012287200661376119
1360,0.0012316802749410272,0.0012281283270567656
1361,0.0012310741003602743,0.0012275276239961386
1362,0.0012304945848882198,0.001227018190547824
1363,0.0012299622176215053,0.001226535183377564
1364,0.0012295115739107132,0.0012262689415365458
1365,0.0012292072642594576,0.0012261710362508893
1366,0.0012291617458686233,0.0012266646372154355
1367,0.0012295888736844063,0.001227858359925449
1368,0.001230870489962399,0.0012308578006923199
1369,0.001233749440871179,0.0012364976573735476
1370,0.0012395406374707818,0.0012480010045692325
1371,0.001250816392712295,0.0012686579721048474
1372,0.001271735061891377,0.0013071387074887753
1373,0.0013097735354676843,0.0013691696804016829
1374,0.0013722424628213048,0.0014622020535171032
1375,0.0014644671464338899,0.0015542828477919102
1376,0.0015572579577565193,0.0015900677535682917
1377,0.0015920259756967425,0.0014858280774205923
1378,0.001488818903453648,0.0013091284781694412
1379,0.0013116254704073071,0.0012176171876490116
1380,0.0012204593513160944,0.0012807936873286963
1381,0.0012838084949180484,0.0013725246535614133
1382,0.0013748051133006811,0.0013438666937872767
1383,0.0013468693941831589,0.001243834849447012
1384,0.0012465569889172912,0.0012202676152810454
1385,0.0012230918509885669,0.0012827961472794414
1386,0.0012858799891546369,0.0013025879161432385
1387,0.0013052390422672033,0.0012420107377693057
1388,0.0012451409129425883,0.0012119830353185534
1389,0.0012151094852015376,0.0012502444442361593
1390,0.001253174850717187,0.0012658699415624142
1391,0.0012691282900050282,0.001227579778060317
1392,0.0012306434800848365,0.0012096695136278868
1393,0.0012128232046961784,0.001236030482687056
1394,0.0012393101351335645,0.0012421398423612118
1395,0.0012451267102733254,0.0012141622137278318
1396,0.0012173777213320136,0.0012088729999959469
1397,0.0012120527680963278,0.0012277340283617377
1398,0.001230702269822359,0.0012240674113854766
1399,0.0012272438034415245,0.0012058386346325278
1400,0.0012088799849152565,0.0012085033813491464
1401,0.0012115085264667869,0.001219209167174995
1402,0.0012223600642755628,0.0012118001468479633
1403,0.001214787014760077,0.0012013512896373868
1404,0.0012044504983350635,0.001206711633130908
1405,0.0012098735896870494,0.0012113245902583003
1406,0.001214356510899961,0.0012031523510813713
1407,0.0012063506292179227,0.0011986825847998261
1408,0.001201867125928402,0.0012037191772833467
1409,0.0012068465584889054,0.0012039163848385215
1410,0.0012071824166923761,0.0011976994574069977
1411,0.0012008859775960445,0.001196436583995819
1412,0.0011996388202533126,0.0011996404500678182
1413,0.0012029109057039022,0.001198213896714151
1414,0.0012013792293146253,0.0011937995441257954
1415,0.0011970344930887222,0.001193840755149722
1416,0.0011970781488344073,0.0011956096859648824
1417,0.0011987690813839436,0.0011934720678254962
1418,0.0011967167956754565,0.001190671813674271
1419,0.0011938702082261443,0.0011909776367247105
1420,0.0011941600823774934,0.0011915164068341255
1421,0.0011947675375267863,0.0011896529467776418
1422,0.0011928413296118379,0.0011876702774316072
1423,0.0011909037129953504,0.0011877719080075622
1424,0.0011910336324945092,0.0011878341902047396
1425,0.0011910469038411975,0.0011861268430948257
1426,0.0011894094059243798,0.0011846857378259301
1427,0.0011879532830789685,0.001184574794024229
1428,0.0011878323275595903,0.0011842346284538507
1429,0.001187549321912229,0.0011829236755147576
1430,0.0011861990205943584,0.0011816737242043018
1431,0.001184977707453072,0.0011813037563115358
1432,0.001184628694318235,0.0011809206334874034
1433,0.0011842113453894854,0.0011797508923336864
1434,0.0011830887524411082,0.0011786584509536624
1435,0.0011819835053756833,0.0011781308567151427
1436,0.0011814512545242906,0.0011776003520935774
1437,0.0011809583520516753,0.00117668102029711
1438,0.0011800099164247513,0.0011756246676668525
1439,0.0011789791751652956,0.0011749423574656248
1440,0.0011783081572502851,0.0011744073126465082
1441,0.0011777554173022509,0.001173547119833529
1442,0.0011769321281462908,0.0011725955409929156
1443,0.001175968674942851,0.001171815674751997
1444,0.0011751974234357476,0.001171171898022294
1445,0.0011745779775083065,0.0011704456992447376
1446,0.001173836295492947,0.0011695255525410175
1447,0.00117294501978904,0.0011686929501593113
1448,0.0011721157934516668,0.0011679991148412228
1449,0.001171422889456153,0.0011672661639750004
1450,0.0011707168305292726,0.0011664560297504067
1451,0.0011698976159095764,0.0011655931593850255
1452,0.0011690541869029403,0.001164822606369853
1453,0.0011682937620207667,0.0011641118908300996
1454,0.0011675801360979676,0.0011633241083472967
1455,0.0011668158695101738,0.0011625081533566117
1456,0.0011659952579066157,0.001161694061011076
1457,0.0011651937384158373,0.0011609331704676151
1458,0.001164444605819881,0.0011601923033595085
1459,0.0011637010611593723,0.001159388804808259
1460,0.0011629178188741207,0.001158583676442504
1461,0.0011621122248470783,0.0011577887926250696
1462,0.0011613282840698957,0.0011570194037631154
1463,0.0011605719337239861,0.0011562585132196546
1464,0.0011598116252571344,0.001155455014668405
1465,0.0011590267531573772,0.0011546578025445342
1466,0.0011582329170778394,0.0011538671096786857
1467,0.0011574532836675644,0.0011530898045748472
1468,0.001156688784249127,0.0011523201828822494
1469,0.0011559216072782874,0.0011515223886817694
1470,0.0011551404604688287,0.0011507319286465645
1471,0.0011543536093086004,0.0011499420506879687
1472,0.0011535744415596128,0.0011491612531244755
1473,0.0011528048198670149,0.0011483886046335101
1474,0.001152035198174417,0.0011475973296910524
1475,0.0011512587079778314,0.0011468123411759734
1476,0.001150477328337729,0.001146022928878665
1477,0.0011496988590806723,0.0011452409671619534
1478,0.0011489265598356724,0.0011444661067798734
1479,0.0011481568217277527,0.0011436801869422197
1480,0.0011473846388980746,0.0011429002042859793
1481,0.0011466090800240636,0.0011421124218031764
1482,0.001145833171904087,0.001141331740655005
1483,0.0011450608726590872,0.0011405553668737411
1484,0.0011442917166277766,0.0011397749185562134
1485,0.0011435233755037189,0.0011390001745894551
1486,0.001142753753811121,0.0011382176307961345
1487,0.0011419830843806267,0.0011374412570148706
1488,0.0011412134626880288,0.0011366652324795723
1489,0.0011404464021325111,0.0011358903720974922
1490,0.0011396814370527864,0.0011351204011589289
1491,0.001138917519710958,0.0011343453079462051
1492,0.0011381534859538078,0.0011335755698382854
1493,0.0011373896850273013,0.00113280292134732
1494,0.0011366269318386912,0.0011320343473926187
1495,0.0011358659248799086,0.0011312678689137101
1496,0.0011351071298122406,0.0011305008083581924
1497,0.0011343498481437564,0.001129738288000226
1498,0.001133593381382525,0.001128972740843892
1499,0.0011328378459438682,0.0011282118503004313
1500,0.001132083241827786,0.0011274501448497176
1501,0.0011313303839415312,0.0011266914661973715
1502,0.0011305795051157475,0.0011259351158514619
1503,0.0011298301396891475,0.0011251787655055523
1504,0.0011290826369076967,0.0011244266061112285
1505,0.001128336531110108,0.0011236729333177209
1506,0.0011275917058810592,0.001122923567891121
1507,0.001126848510466516,0.0011221739696338773
1508,0.0011261069448664784,0.0011214276310056448
1509,0.0011253674747422338,0.001120682922191918
1510,0.0011246297508478165,0.001119939610362053
1511,0.0011238938895985484,0.001119199674576521
1512,0.0011231598909944296,0.001118459738790989
1513,0.0011224276386201382,0.0011177236447110772
1514,0.0011216971324756742,0.0011169875506311655
1515,0.0011209686053916812,0.0011162549490109086
1516,0.0011202419409528375,0.00111552351154387
1517,0.0011195170227438211,0.0011147946352139115
1518,0.0011187942000105977,0.001114067854359746
1519,0.0011180733563378453,0.0011133425869047642
1520,0.0011173543753102422,0.0011126203462481499
1521,0.001116637489758432,0.0011118990369141102
1522,0.0011159225832670927,0.0011111809872090816
1523,0.001115209423005581,0.001110463752411306
1524,0.001114498358219862,0.0011097498936578631
1525,0.0011137891560792923,0.0011090368498116732
1526,0.0011130818165838718,0.0011083269491791725
1527,0.0011123764561489224,0.001107618329115212
1528,0.001111673074774444,0.0011069121537730098
1529,0.001110971556045115,0.0011062079574912786
1530,0.001110272016376257,0.001105505507439375
1531,0.0011095743393525481,0.0011048056185245514
1532,0.0011088784085586667,0.0011041067773476243
1533,0.0011081843404099345,0.0011034108465537429
1534,0.001107491902075708,0.0011027157306671143
1535,0.0011068014428019524,0.0011020235251635313
1536,0.0011061124969273806,0.0011013321345672011
1537,0.0011054251808673143,0.001100643421523273
1538,0.0011047396110370755,0.0010999554069712758
1539,0.0011040555546060205,0.0010992701863870025
1540,0.0011033728951588273,0.0010985854314640164
1541,0.0011026918655261397,0.0010979033540934324
1542,0.0011020121164619923,0.001097221509553492
1543,0.0011013338807970285,0.0010965424589812756
1544,0.001100656809285283,0.0010958632919937372
1545,0.001099980901926756,0.0010951870353892446
1546,0.0010993062751367688,0.0010945103131234646
1547,0.0010986325796693563,0.0010938366176560521
1548,0.0010979600483551621,0.0010931616416200995
1549,0.0010972883319482207,0.0010924902744591236
1550,0.001096617546863854,0.0010918170446529984
1551,0.0010959473438560963,0.001091148005798459
1552,0.0010952780721709132,0.0010904757073149085
1553,0.0010946094989776611,0.0010898089967668056
1554,0.0010939413914456964,0.0010891372803598642
1555,0.0010932742152363062,0.001088474178686738
1556,0.0010926079703494906,0.001087802811525762
1557,0.0010919426567852497,0.0010871455306187272
1558,0.0010912793222814798,0.0010864760261029005
1559,0.001090619363822043,0.0010858328314498067
1560,0.001089964876882732,0.001085173338651657
1561,0.0010893208673223853,0.0010845678625628352
1562,0.0010886957170441747,0.0010839509777724743
1563,0.0010881054913625121,0.0010834631975740194
1564,0.0010875812731683254,0.001083016162738204
1565,0.0010871827835217118,0.0010829262901097536
1566,0.0010870250407606363,0.0010831461986526847
1567,0.001087335404008627,0.0010844969656318426
1568,0.0010885561350733042,0.0010873435530811548
1569,0.0010915747843682766,0.001094114501029253
1570,0.0010980897350236773,0.0011071552289649844
1571,0.0011114589869976044,0.0011336158495396376
1572,0.001137408660724759,0.0011810967698693275
1573,0.0011854930780828,0.0012595901498571038
1574,0.0012630254495888948,0.0013601130340248346
1575,0.0013645365834236145,0.0014265954960137606
1576,0.0014297108864411712,0.0013758701970800757
1577,0.0013802432222291827,0.0012101440224796534
1578,0.0012137745507061481,0.0010952423326671124
1579,0.0010992130264639854,0.0011358194751664996
1580,0.0011402178788557649,0.001212146133184433
1581,0.0012154867872595787,0.001175187760964036
1582,0.0011795028112828732,0.0010951939038932323
1583,0.0010991744929924607,0.0011122551513835788
1584,0.0011158328270539641,0.0011605090694501996
1585,0.0011648719664663076,0.001121384440921247
1586,0.0011249817907810211,0.001071297680027783
1587,0.0010752809466794133,0.0011047441512346268
1588,0.0011089830659329891,0.0011302379425615072
1589,0.0011336901225149632,0.0010862125782296062
1590,0.0010903438087552786,0.0010699123376980424
1591,0.0010739201679825783,0.0011000981321558356
1592,0.0011037341319024563,0.0010928463889285922
1593,0.0010970169678330421,0.0010694162920117378
1594,0.0010732209775596857,0.001081647234968841
1595,0.001085363794118166,0.0010847589001059532
1596,0.0010888336692005396,0.0010656195227056742
1597,0.001069394638761878,0.0010703901061788201
1598,0.0010741858277469873,0.0010803670156747103
1599,0.001084336545318365,0.001065624412149191
1600,0.001069372519850731,0.0010603104019537568
1601,0.0010641044937074184,0.0010706980247050524
1602,0.0010746573098003864,0.0010657174279913306
1603,0.001069471938535571,0.0010576866334304214
1604,0.0010614593047648668,0.001062639756128192
1605,0.0010665978770703077,0.0010615320643410087
1606,0.0010652627097442746,0.0010547053534537554
1607,0.0010585355339571834,0.0010575770866125822
1608,0.0010615219362080097,0.0010587292490527034
1609,0.0010624114656820893,0.0010520705254748464
1610,0.001055942615494132,0.0010519266361370683
1611,0.0010558217763900757,0.001054665306583047
1612,0.001058372319675982,0.0010506751714274287
1613,0.0010545689146965742,0.0010484358062967658
1614,0.001052251784130931,0.001049938378855586
1615,0.0010536741465330124,0.0010478391777724028
1616,0.001051723025739193,0.0010455211158841848
1617,0.0010493089212104678,0.0010462953941896558
1618,0.001050054794177413,0.0010450973641127348
1619,0.0010489369742572308,0.0010423746425658464
1620,0.0010461570927873254,0.0010422833729535341
1621,0.0010460566263645887,0.0010421553160995245
1622,0.0010459809564054012,0.00103993050288409
1623,0.0010437056189402938,0.0010387121001258492
1624,0.001042469055391848,0.0010385202476754785
1625,0.0010423494968563318,0.001037105219438672
1626,0.001040870905853808,0.0010355876293033361
1627,0.0010393487755209208,0.0010350954253226519
1628,0.0010389165254309773,0.0010340805165469646
1629,0.0010378160513937473,0.0010323544265702367
1630,0.0010361353633925319,0.001031546271406114
1631,0.0010353465331718326,0.0010309105273336172
1632,0.0010346285998821259,0.0010293289087712765
1633,0.0010331132216379046,0.0010280844289809465
1634,0.0010318444110453129,0.0010273377411067486
1635,0.0010310604702681303,0.0010260994313284755
1636,0.0010298718698322773,0.001024778583087027
1637,0.001028501777909696,0.0010237788083031774
1638,0.001027500256896019,0.001022663782350719
1639,0.0010264089796692133,0.0010213165078312159
1640,0.0010250249179080129,0.001020136522129178
1641,0.0010238479590043426,0.001019096001982689
1642,0.0010228122118860483,0.0010178134543821216
1643,0.0010215078946202993,0.0010164541890844703
1644,0.0010201489785686135,0.001015298068523407
1645,0.0010189971653744578,0.0010141213424503803
1646,0.0010177923832088709,0.0010127464774996042
1647,0.0010164211271330714,0.0010114425094798207
1648,0.0010151208844035864,0.0010102386586368084
1649,0.001013883505947888,0.0010088699636980891
1650,0.0010125284316018224,0.0010074956808239222
1651,0.0010111391311511397,0.0010062111541628838
1652,0.0010098314378410578,0.0010048496769741178
1653,0.0010084875393658876,0.0010034426813945174
1654,0.001007047831080854,0.0010020298650488257
1655,0.0010056296596303582,0.0010006445227190852
1656,0.001004248159006238,0.0009992331033572555
1657,0.0010028061224147677,0.0009977390291169286
1658,0.0010013175196945667,0.0009962868643924594
1659,0.0009998505702242255,0.0009948266670107841
1660,0.0009983719792217016,0.000993293710052967
1661,0.0009968412341549993,0.0009917712304741144
1662,0.0009952995460480452,0.0009902478195726871
1663,0.0009937643771991134,0.0009886835468932986
1664,0.000992193236015737,0.0009870887733995914
1665,0.0009905833285301924,0.0009854891104623675
1666,0.0009889713255688548,0.0009838774567469954
1667,0.0009873505914583802,0.0009822355350479484
1668,0.0009856920223683119,0.0009805625304579735
1669,0.0009840063285082579,0.0009788768365979195
1670,0.0009823129512369633,0.0009771834593266249
1671,0.0009805980371311307,0.0009754444472491741
1672,0.0009788500610738993,0.0009736894280649722
1673,0.000977082527242601,0.0009719279478304088
1674,0.0009753004997037351,0.0009701235103420913
1675,0.000973489775788039,0.0009683039970695972
1676,0.0009716494823805988,0.0009664593380875885
1677,0.0009697906789369881,0.0009645904065109789
1678,0.0009679116774350405,0.0009627044200897217
1679,0.0009660032228566706,0.000960779027082026
1680,0.0009640674106776714,0.0009588387329131365
1681,0.000962110236287117,0.0009568748064339161
1682,0.0009601280908100307,0.0009548762463964522
1683,0.0009581166668795049,0.0009528583032079041
1684,0.0009560792241245508,0.0009508128277957439
1685,0.0009540179162286222,0.0009487393544986844
1686,0.0009519281447865069,0.0009466386400163174
1687,0.0009498088038526475,0.000944510567933321
1688,0.000947662687394768,0.0009423548472113907
1689,0.0009454900282435119,0.0009401717688888311
1690,0.0009432877413928509,0.0009379583061672747
1691,0.0009410552447661757,0.0009357150411233306
1692,0.0009387945756316185,0.0009334468049928546
1693,0.0009365047444589436,0.0009311431786045432
1694,0.0009341837139800191,0.0009288120199926198
1695,0.0009318318916484714,0.0009264519321732223
1696,0.0009294502669945359,0.0009240566287189722
1697,0.0009270375012420118,0.000921634491533041
1698,0.0009245920809917152,0.0009191770222969353
1699,0.000922114762943238,0.0009166887612082064
1700,0.0009196056053042412,0.0009141697082668543
1701,0.0009170635603368282,0.0009116142173297703
1702,0.0009144878131337464,0.0009090285166166723
1703,0.0009118785965256393,0.0009064079495146871
1704,0.000909235852304846,0.0009037528652697802
1705,0.0009065582416951656,0.0009010642534121871
1706,0.0009038459393195808,0.0008983401348814368
1707,0.000901098654139787,0.0008955813245847821
1708,0.0008983160369098186,0.0008927866583690047
1709,0.0008954971563071012,0.0008899561362341046
1710,0.0008926420123316348,0.0008870885940268636
1711,0.0008897503721527755,0.0008841858361847699
1712,0.0008868217119015753,0.0008812443120405078
1713,0.000883855449501425,0.0008782658842392266
1714,0.0008808514685370028,0.0008752506109885871
1715,0.000877809536177665,0.0008721951744519174
1716,0.0008747291285544634,0.0008691031252965331
1717,0.0008716097217984498,0.0008659710292704403
1718,0.0008684511994943023,0.0008627998759038746
1719,0.0008652531541883945,0.0008595897816121578
1720,0.0008620152366347611,0.0008563385927118361
1721,0.0008587372140027583,0.0008530483464710414
1722,0.0008554186206310987,0.0008497170638293028
1723,0.0008520593401044607,0.000846344861201942
1724,0.0008486589067615569,0.0008429317967966199
1725,0.0008452170877717435,0.0008394772303290665
1726,0.000841733708512038,0.0008359809289686382
1727,0.0008382084779441357,0.000832442834507674
1728,0.000834641105029732,0.0008288626559078693
1729,0.0008310311823152006,0.0008252396946772933
1730,0.0008273788844235241,0.0008215747657231987
1731,0.0008236836874857545,0.0008178663556464016
1732,0.0008199454750865698,0.000814115337561816
1733,0.0008161641890183091,0.0008103213040158153
1734,0.0008123395382426679,0.0008064834401011467
1735,0.0008084715227596462,0.0008026027935557067
1736,0.0008045598515309393,0.0007986780838109553
1737,0.0008006045245565474,0.0007947100093588233
1738,0.0007966055418364704,0.0007906983373686671
1739,0.0007925627287477255,0.0007866426603868604
1740,0.0007884760852903128,0.0007825435022823513
1741,0.000784345727879554,0.0007784005138091743
1742,0.0007801715401001275,0.0007742138113826513
1743,0.0007759536383673549,0.0007699835114181042
1744,0.0007716920226812363,0.0007657096139155328
1745,0.0007673869258724153,0.0007613922352902591
1746,0.000763038347940892,0.0007570316083729267
1747,0.0007586465799249709,0.0007526278495788574
1748,0.000754211621824652,0.0007481810753233731
1749,0.0007497338810935616,0.000743691751267761
1750,0.0007452135905623436,0.0007391598774120212
1751,0.0007406509248539805,0.0007345860358327627
1752,0.0007360464660450816,0.0007299702847376466
1753,0.0007314002723433077,0.0007253132062032819
1754,0.000726712925825268,0.0007206152658909559
1755,0.0007219848339445889,0.0007158765802159905
1756,0.0007172164041548967,0.0007110980805009604
1757,0.0007124082767404616,0.0007062798831611872
1758,0.0007075608591549098,0.0007014227448962629
1759,0.0007026748498901725,0.0006965273641981184
1760,0.0006977507728151977,0.000691594323143363
1761,0.0006927894428372383,0.0006866242038086057
1762,0.0006877914420329034,0.0006816178211010993
1763,0.0006827575853094459,0.0006765759317204356
1764,0.0006776886875741184,0.0006714992923662066
1765,0.0006725855055265129,0.0006663888925686479
1766,0.0006674490286968648,0.0006612454890273511
1767,0.0006622800719924271,0.0006560701294802129
1768,0.0006570796831510961,0.0006508636870421469
1769,0.0006518488517031074,0.0006456272676587105
1770,0.0006465886835940182,0.000640361977275461
1771,0.0006413000519387424,0.0006350688636302948
1772,0.0006359843537211418,0.0006297490908764303
1773,0.000630642578471452,0.0006244038231670856
1774,0.000625276064965874,0.000619034341070801
1775,0.0006198860937729478,0.0006136418087407947
1776,0.0006144737708382308,0.0006082277395762503
1777,0.0006090406095609069,0.0006027933559380472
1778,0.0006035879487171769,0.0005973400548100471
1779,0.000598117068875581,0.000591869349591434
1780,0.0005926297162659466,0.0005863824626430869
1781,0.000587127055041492,0.0005808812566101551
1782,0.0005816107732243836,0.0005753669538535178
1783,0.0005760823842138052,0.0005698413588106632
1784,0.0005705435178242624,0.0005643058684654534
1785,0.000564995629247278,0.0005587622872553766
1786,0.0005594405811280012,0.0005532120703719556
1787,0.0005538798286579549,0.0005476570222526789
1788,0.0005483151180669665,0.0005420989473350346
1789,0.0005427482537925243,0.0005365394172258675
1790,0.0005371809238567948,0.0005309801199473441
1791,0.0005316148162819445,0.0005254229181446135
1792,0.0005260517937131226,0.000519869732670486
1793,0.0005204935441724956,0.0005143220187164843
1794,0.0005149419885128736,0.0005087819299660623
1795,0.0005093987565487623,0.0005032510380260646
1796,0.0005038658273406327,0.0004977313219569623
1797,0.0004983449471183121,0.0004922244697809219
1798,0.0004928378039039671,0.000486732431454584
1799,0.0004873464349657297,0.00048125689500011504
1800,0.0004818725574295968,0.00047579972306266427
1801,0.00047641785931773484,0.00047036277828738093
1802,0.0004709843487944454,0.0004649478942155838
1803,0.00046557377208955586,0.00045955675886943936
1804,0.00046018772991374135,0.000454191118478775
1805,0.0004548282013274729,0.0004488529230002314
1806,0.0004494967870414257,0.00044354365672916174
1807,0.00044419520418159664,0.00043826535693369806
1808,0.0004389252862893045,0.0004330191877670586
1809,0.00043368854676373303,0.0004278075066395104
1810,0.0004284866445232183,0.0004226311866659671
1811,0.0004233212093822658,0.00041749278898350894
1812,0.0004181937256362289,0.00041239222628064454
1813,0.0004131058813072741,0.0004073338641319424
1814,0.00040805916069075465,0.0004023147630505264
1815,0.00040305498987436295,0.00039734342135488987
1816,0.00039809494046494365,0.0003924106131307781
1817,0.00039318084600381553,0.00038753694389015436
1818,0.0003883150639012456,0.0003826968895737082
1819,0.0003835023380815983,0.00037795279058627784
1820,0.00037875387351959944,0.0003732490004040301
1821,0.00037410209188237786,0.00036883761640638113
1822,0.00036964553873986006,0.00036476299283094704
1823,0.00036570217343978584,0.00036254205042496324
1824,0.00036330282455310225,0.00036455938243307173
1825,0.0003657248744275421,0.00038132330519147217
1826,0.000381925463443622,0.00042562049929983914
1827,0.0004274664097465575,0.0004922891966998577
1828,0.000493070634547621,0.0005060828989371657
1829,0.0005085071315988898,0.00044874605373479426
1830,0.000450685532996431,0.0004691246140282601
1831,0.0004688671324402094,0.0005661013419739902
1832,0.0005681656184606254,0.0005779603379778564
1833,0.0005768660339526832,0.0005030060419812799
1834,0.0005045753787271678,0.00044670875649899244
1835,0.00044823336065746844,0.00038194513763301075
1836,0.00038262613816186786,0.0003262168902438134
1837,0.00032734868000261486,0.00036384366103447974
1838,0.0003651674778666347,0.00040748255560174584
1839,0.00040851617814041674,0.00037350005004554987
1840,0.0003749230527319014,0.0003430110518820584
1841,0.00034508961834944785,0.0003351333143655211
1842,0.0003353457141201943,0.00030874661752022803
1843,0.00031032401602715254,0.0003176232276018709
1844,0.0003194108430761844,0.0003433351230341941
1845,0.00034334094380028546,0.0003144150541629642
1846,0.0003162860230077058,0.00028693367494270205
1847,0.0002881930267903954,0.00029691713280044496
1848,0.0002973764785565436,0.00029619125416502357
1849,0.0002980268618557602,0.0002887343871407211
1850,0.00028995328466407955,0.00028800356085412204
1851,0.0002892427146434784,0.0002772564475890249
1852,0.0002790464786812663,0.00026993194478563964
1853,0.0002712832356337458,0.00027362327091395855
1854,0.0002750340790953487,0.00026779656764119864
1855,0.000269437616225332,0.0002603473258204758
1856,0.0002618090366013348,0.0002637495053932071
1857,0.00026502154651097953,0.00025948372785933316
1858,0.00026110722683370113,0.0002489534381311387
1859,0.00025040999753400683,0.0002489830076228827
1860,0.0002501934359315783,0.0002501904673408717
1861,0.000251922378083691,0.00024553772527724504
1862,0.0002470368635840714,0.0002425200364086777
1863,0.00024384431890212,0.00023956960649229586
1864,0.00024127266078721732,0.0002344886597711593
1865,0.00023591228818986565,0.00023303675698116422
1866,0.0002344086387893185,0.00023382990912068635
1867,0.00023551663616672158,0.0002310246927663684
1868,0.00023240323935169727,0.0002267238887725398
1869,0.00022814422845840454,0.00022437558800447732
1870,0.00022610367159359157,0.00022211617033462971
1871,0.00022347022604662925,0.0002194617409259081
1872,0.00022104707022663206,0.00021914095850661397
1873,0.00022084884403739125,0.00021827802993357182
1874,0.00021964494953863323,0.00021440825366880745
1875,0.00021609885152429342,0.00021192592976149172
1876,0.0002134883834514767,0.00021083974570501596
1877,0.00021229078993201256,0.00020873270113952458
1878,0.00021037798433098942,0.0002067522145807743
1879,0.00020826752006541938,0.00020552330533973873
1880,0.00020705511269625276,0.000204123803996481
1881,0.00020575472444761544,0.00020233324903529137
1882,0.00020390893041621894,0.0002007173461606726
1883,0.00020225912157911807,0.00019894052820745856
1884,0.00020060189126525074,0.0001969702134374529
1885,0.00019849668024107814,0.00019512209109961987
1886,0.00019669286848511547,0.00019400579913053662
1887,0.000195624990737997,0.00019300424901302904
1888,0.00019450228137429804,0.00019132834859192371
1889,0.00019293386139906943,0.00018990880926139653
1890,0.00019148622232023627,0.00018882342556025833
1891,0.00019036236335523427,0.0001875507878139615
1892,0.0001891537249321118,0.00018621596973389387
1893,0.00018779453239403665,0.00018501807062420994
1894,0.00018654220912139863,0.0001837074087234214
1895,0.00018533786351326853,0.0001825070648919791
1896,0.00018400629051029682,0.00018113241821993142
1897,0.00018271288718096912,0.00018009608902502805
1898,0.00018164799257647246,0.00017915028729476035
1899,0.00018067652126774192,0.00017807817494031042
1900,0.00017963653954211622,0.00017710411339066923
1901,0.00017865844711195678,0.00017643267347011715
1902,0.00017794127052184194,0.00017595344979781657
1903,0.00017754617147147655,0.0001760839659254998
1904,0.00017757304885890335,0.00017681896861176938
1905,0.00017840825603343546,0.000179169699549675
1906,0.00018068078497890383,0.0001838356110965833
1907,0.00018546651699580252,0.00019294860248919576
1908,0.00019451264233794063,0.00020917694200761616
1909,0.00021101419406477362,0.0002367043780395761
1910,0.00023849951685406268,0.0002783025265671313
1911,0.00028055222355760634,0.00033047073520720005
1912,0.00033290465944446623,0.00038039006176404655
1913,0.0003828594635706395,0.00039906136225908995
1914,0.0004019724146928638,0.00036587126669473946
1915,0.00036738565540872514,0.0002814814215525985
1916,0.0002836784697137773,0.00019624999549705535
1917,0.0001971526799025014,0.00016870538820512593
1918,0.00017019204096868634,0.0002086887543555349
1919,0.00021041385480202734,0.0002577402046881616
1920,0.00025884388014674187,0.0002512348582968116
1921,0.0002531300706323236,0.0001968857686733827
1922,0.00019810495723504573,0.00016012573905754834
1923,0.0001614731882000342,0.00017681006283964962
1924,0.00017853786994237453,0.00020938168745487928
1925,0.00021053649834357202,0.00020566768944263458
1926,0.00020738296734634787,0.00017386485706083477
1927,0.00017527613090351224,0.00015856685058679432
1928,0.00015968084335327148,0.0001722844608593732
1929,0.0001738375867716968,0.0001859430194599554
1930,0.00018711133452598006,0.00017620556172914803
1931,0.00017767037206795067,0.0001595278736203909
1932,0.0001609785103937611,0.00015861396968830377
1933,0.00015975485439412296,0.0001676507672527805
1934,0.00016920524649322033,0.0001690980716375634
1935,0.00017035900964401662,0.00015985214849933982
1936,0.000161207964993082,0.00015399685071315616
1937,0.00015534658450633287,0.00015709751460235566
1938,0.00015823951980564743,0.00016011112893465906
1939,0.00016152374155353755,0.0001576470531290397
1940,0.00015884947788435966,0.00015284596884157509
1941,0.000154147477587685,0.00015151126717682928
1942,0.00015279040962923318,0.00015267377602867782
1943,0.00015385285951197147,0.00015253575111273676
1944,0.00015389188774861395,0.00015127270307857543
1945,0.00015241248183883727,0.0001495947508374229
1946,0.00015084233018569648,0.00014851437299512327
1947,0.00014970600022934377,0.00014780063065700233
1948,0.00014893163461238146,0.00014738882600795478
1949,0.00014867194113321602,0.00014748823014087975
1950,0.0001486061082687229,0.0001466410467401147
1951,0.00014785968232899904,0.0001451798452762887
1952,0.00014636902778875083,0.00014413951430469751
1953,0.00014526245649904013,0.00014400288637261838
1954,0.00014521951379720122,0.00014433954493142664
1955,0.00014545273734256625,0.00014371123688761145
1956,0.00014484529674518853,0.00014235349954105914
1957,0.00014350164565257728,0.0001414282014593482
1958,0.00014252378605306149,0.00014132536307442933
1959,0.00014246719365473837,0.00014154276868794113
1960,0.00014267930237110704,0.00014115187514107674
1961,0.0001422428322257474,0.00014001740782987326
1962,0.0001411568227922544,0.00013915546878706664
1963,0.0001402431371388957,0.00013896300515625626
1964,0.00014003993419464678,0.0001390523393638432
1965,0.00014017289504408836,0.00013889727415516973
1966,0.00013993294851388782,0.00013807993673253804
1967,0.00013918112381361425,0.00013734606909565628
1968,0.00013840847532264888,0.00013699183182325214
1969,0.00013802746252622455,0.00013681688869837672
1970,0.00013790933007840067,0.000136673916131258
1971,0.00013768143253400922,0.00013617206423077732
1972,0.00013723247684538364,0.0001357253349851817
1973,0.00013675585796590894,0.00013541089720092714
1974,0.00013640955148730427,0.00013508088886737823
1975,0.0001361267495667562,0.0001347913348581642
1976,0.00013577270146925002,0.00013433171261567622
1977,0.00013535149628296494,0.0001339786540484056
1978,0.00013498295447789133,0.00013375385606195778
1979,0.0001347282959613949,0.00013350308290682733
1980,0.0001345137570751831,0.00013327466149348766
1981,0.00013422781194094568,0.00013286483590491116
1982,0.00013384911289904267,0.00013249531912151724
1983,0.0001334564294666052,0.00013218091044109315
1984,0.00013313051022123545,0.00013190440949983895
1985,0.0001328734797425568,0.0001316970883635804
1986,0.0001326269266428426,0.00013138793292455375
1987,0.00013234780635684729,0.00013112231681589037
1988,0.0001320481824222952,0.0001308253122260794
1989,0.00013176356151234359,0.00013057822070550174
1990,0.00013150287850294262,0.0001303252502111718
1991,0.00013124178803991526,0.00013004052743781358
1992,0.00013095831673126668,0.00012975723075214773
1993,0.00013066071551293135,0.00012947108189109713
1994,0.00013037555618211627,0.00012921966845169663
1995,0.00013011739065404981,0.00012898797285743058
1996,0.00012987646914552897,0.00012874366075266153
1997,0.00012963401968590915,0.00012850576604250818
1998,0.00012938263535033911,0.00012825490557588637
1999,0.00012912967940792441,0.00012801233970094472
2000,0.0001288854400627315,0.00012779711687471718
2001,0.000128651357954368,0.0001275485410587862
2002,0.00012842014257330447,0.00012734669144265354
2003,0.00012818467803299427,0.0001270814536837861
2004,0.0001279449788853526,0.0001268774358322844
2005,0.00012770714238286018,0.0001266285835299641
2006,0.00012747688742820174,0.00012643112859223038
2007,0.00012725441774819046,0.00012620099005289376
2008,0.00012703612446784973,0.00012600957415997982
2009,0.0001268198247998953,0.00012577642337419093
2010,0.0001266083709197119,0.00012562006304506212
2011,0.0001264086167793721,0.00012539091403596103
2012,0.00012622808571904898,0.00012531272659543902
2013,0.0001260745630133897,0.00012511463137343526
2014,0.00012596050510182977,0.00012517950381152332
2015,0.00012591092672664672,0.0001251121866516769
2016,0.00012597290333360434,0.00012554030399769545
2017,0.00012623022485058755,0.0001259341079276055
2018,0.00012682972010225058,0.0001274149981327355
2019,0.0001280353171750903,0.00012935101403854787
2020,0.00013032423157710582,0.00013407041842583567
2021,0.00013456790475174785,0.0001411984267178923
2022,0.00014232641842681915,0.00015604824875481427
2023,0.0001563350815558806,0.0001796024589566514
2024,0.00018101843306794763,0.0002226379292551428
2025,0.00022259882825892419,0.0002843127294909209
2026,0.00028619877411983907,0.0003674477047752589
2027,0.00036706883111037314,0.0004297263512853533
2028,0.00043206350528635085,0.00042388009023852646
2029,0.00042357711936347187,0.00030995593988336623
2030,0.00031184908584691584,0.00017966223822440952
2031,0.00018007119069807231,0.00014709471724927425
2032,0.0001475541212130338,0.00021570852550212294
2033,0.0002171672967961058,0.00026581675047054887
2034,0.0002660140162333846,0.00021286410628817976
2035,0.00021435147209558636,0.00013770800433121622
2036,0.0001384978531859815,0.0001421310007572174
2037,0.00014237468712963164,0.00018899983842857182
2038,0.000190519102034159,0.00018421195272821933
2039,0.00018464872846379876,0.00013588696310762316
2040,0.00013679108815267682,0.00013165811833459884
2041,0.0001327516365563497,0.00016574932669755071
2042,0.00016604196571279317,0.0001621033443370834
2043,0.00016341576701961458,0.0001299861614825204
2044,0.00013069502892903984,0.00012759501987602562
2045,0.0001280947180930525,0.00014755188021808863
2046,0.00014871424355078489,0.00014338271284941584
2047,0.00014398754865396768,0.00012411086936481297
2048,0.00012487881758715957,0.00012829439947381616
2049,0.0001292153465328738,0.0001404263311997056
2050,0.00014105164154898375,0.0001314031396759674
2051,0.00013227068120613694,0.00012082271132385358
2052,0.0001216154923895374,0.00012780132237821817
2053,0.00012839499686378986,0.0001323034957749769
2054,0.0001332220563199371,0.00012365015572868288
2055,0.0001243878941750154,0.0001197865858557634
2056,0.00012041271838825196,0.00012622757640201598
2057,0.00012710642477031797,0.00012704335676971823
2058,0.00012770271860063076,0.00012022746523143724
2059,0.00012092414544895291,0.00011999277921859175
2060,0.00012074860569555312,0.00012417825928423554
2061,0.00012479862198233604,0.00012171139678684995
2062,0.00012245475954841822,0.00011782915680669248
2063,0.0001185089276987128,0.00011988364713033661
2064,0.00012050832447130233,0.00012186657841084525
2065,0.00012261512165423483,0.00011918728705495596
2066,0.00011982332944171503,0.00011726299271686003
2067,0.00011791459837695584,0.00011900706886081025
2068,0.00011971998901572078,0.00011946376616833732
2069,0.00012006650649709627,0.00011712559353327379
2070,0.00011781504144892097,0.00011671454558381811
2071,0.00011734896543202922,0.00011805439862655476
2072,0.00011866606655530632,0.00011758342589018866
2073,0.0001182746491394937,0.00011621058365562931
2074,0.00011679560702759773,0.00011621585144894198
2075,0.00011685067875077948,0.00011689903476508334
2076,0.00011754969455068931,0.00011637726129265502
2077,0.0001169538008980453,0.00011534881195984781
2078,0.00011598443961702287,0.00011545374582055956
2079,0.00011606812768150121,0.00011582195293158293
2080,0.00011638989963103086,0.0001152795521193184
2081,0.000115922637633048,0.00011477732914499938
2082,0.00011534796067280695,0.00011483584967209026
2083,0.00011540792911546305,0.00011490172619232908
2084,0.00011553357762750238,0.00011461995745776221
2085,0.00011514295329106972,0.00011409156286390498
2086,0.00011468800221337005,0.00011407793499529362
2087,0.00011465622810646892,0.00011418515350669622
2088,0.00011470364552224055,0.00011381377407815307
2089,0.00011441623064456508,0.00011352256842656061
2090,0.00011405364784877747,0.00011343554797349498
2091,0.00011397346679586917,0.00011339815682731569
2092,0.00011398034257581457,0.00011325989180477336
2093,0.00011376359907444566,0.00011291685223113745
2094,0.0001134671620093286,0.00011281273327767849
2095,0.00011335744784446433,0.00011283572530373931
2096,0.00011332723079249263,0.0001125916387536563
2097,0.00011314429139019921,0.00011237953003728762
2098,0.00011288182577118278,0.00011223873298149556
2099,0.00011274028656771407,0.00011214546975679696
2100,0.00011267913214396685,0.00011205257032997906
2101,0.00011253272532485425,0.00011180585715919733
2102,0.00011231586540816352,0.0001116536877816543
2103,0.00011216058192076162,0.00011159932910231873
2104,0.00011207128409296274,0.00011143545270897448
2105,0.0001119459411711432,0.00011128801997983828
2106,0.0001117660358431749,0.00011113064829260111
2107,0.00011160666326759383,0.00011099893163191155
2108,0.00011149529018439353,0.00011092291242675856
2109,0.00011137961701024324,0.00011074344365624711
2110,0.00011122606520075351,0.000110599648905918
2111,0.00011106629244750366,0.00011047972657252103
2112,0.00011093520151916891,0.00011034866474801674
2113,0.00011081885895691812,0.00011023660044884309
2114,0.00011068522871937603,0.0001100808076444082
2115,0.0001105348565033637,0.00010993998876074329
2116,0.00011039385572075844,0.00010983248648699373
2117,0.00011027076106984168,0.00010969649156322703
2118,0.0001101465750252828,0.00010957394260913134
2119,0.00011000788799719885,0.00010942959488602355
2120,0.00010986626875819638,0.000109304346551653
2121,0.00010973698226734996,0.00010918999032583088
2122,0.00010961515363305807,0.00010905972158070654
2123,0.00010948641283903271,0.0001089303259504959
2124,0.00010934999590972438,0.00010880116315092891
2125,0.00010921741341007873,0.00010867591481655836
2126,0.00010909336560871452,0.00010856495646294206
2127,0.00010897063475567847,0.00010843000200111419
2128,0.00010884313815040514,0.00010831520921783522
2129,0.00010871447011595592,0.00010818697046488523
2130,0.00010859083704417571,0.0001080759902833961
2131,0.00010847268276847899,0.00010796226706588641
2132,0.00010835636931005865,0.00010785009362734854
2133,0.00010824130004039034,0.00010774139809655026
2134,0.00010813197877723724,0.0001076552362064831
2135,0.00010803440090967342,0.00010756104165920988
2136,0.00010795301932375878,0.00010752683010650799
2137,0.00010789313091663644,0.00010747514897957444
2138,0.00010786598431877792,0.00010753474634839222
2139,0.0001078929562936537,0.00010762095917016268
2140,0.00010800787276821211,0.00010791263048304245
2141,0.00010826315701706335,0.00010835479042725638
2142,0.00010874394502025098,0.00010925871174549684
2143,0.00010959395876852795,0.00011064804130000994
2144,0.00011105379235232249,0.00011321269266773015
2145,0.00011352500587236136,0.00011722754425136372
2146,0.00011766853276640177,0.00012428179616108537
2147,0.00012457184493541718,0.0001354448904749006
2148,0.00013595417840406299,0.0001541453239042312
2149,0.00015442825679201633,0.00018276774790138006
2150,0.00018341760733164847,0.0002260909095639363
2151,0.00022641895338892937,0.0002824741241056472
2152,0.0002833851322066039,0.00034461854374967515
2153,0.0003451025695540011,0.00038274069083854556
2154,0.0003839388955384493,0.0003649236459750682
2155,0.00036554073449224234,0.00027451833011582494
2156,0.0002755599853117019,0.00016393844271078706
2157,0.00016431383846793324,0.00010754326649475843
2158,0.00010797819413710386,0.00013467116514220834
2159,0.00013505123206414282,0.00019374681869521737
2160,0.00019401965255383402,0.00020969352044630796
2161,0.00021050983923487365,0.00016730479546822608
2162,0.0001676114770816639,0.00011700543109327555
2163,0.00011757032189052552,0.0001139151572715491
2164,0.00011420771625125781,0.00014498637756332755
2165,0.0001452120632166043,0.00015822540444787592
2166,0.00015889943460933864,0.00013684286386705935
2167,0.0001370797399431467,0.00011167953198309988
2168,0.00011217592691536993,0.00011420923692639917
2169,0.00011448880832176656,0.0001303569442825392
2170,0.00013051686983089894,0.00013084211968816817
2171,0.00013141598901711404,0.00011667812941595912
2172,0.00011688833910739049,0.00010863196075661108
2173,0.00010903047950705513,0.00011498486128402874
2174,0.00011531063501024619,0.00012058752326993272
2175,0.00012074301048414782,0.0001149714007624425
2176,0.00011548687325557694,0.00010802547330968082
2177,0.00010824064520420507,0.00010854230640688911
2178,0.00010883087816182524,0.00011272633128101006
2179,0.00011309767432976514,0.00011210477532586083
2180,0.00011226278729736805,0.00010699518315959722
2181,0.0001074540414265357,0.00010548064892645925
2182,0.00010575728811090812,0.00010793332330649719
2183,0.00010816815483849496,0.00010889084660448134
2184,0.00010929105337709188,0.00010650439071469009
2185,0.00010669448238331825,0.00010381327592767775
2186,0.0001041797804646194,0.00010450831177877262
2187,0.00010481821664143354,0.00010624257265590131
2188,0.00010643726272974163,0.00010545388795435429
2189,0.00010583669791230932,0.00010343237227061763
2190,0.0001036759203998372,0.00010256347013637424
2191,0.00010286848555551842,0.0001035254099406302
2192,0.00010386756912339479,0.00010425593791296706
2193,0.0001044611562974751,0.00010312997619621456
2194,0.00010347476927563548,0.00010191233013756573
2195,0.00010218908573733643,0.00010182245750911534
2196,0.00010207188461208716,0.0001023718505166471
2197,0.0001027037578751333,0.00010254658991470933
2198,0.00010276831017108634,0.00010172805923502892
2199,0.0001020279960357584,0.00010104504326591268
2200,0.00010134272451978177,0.00010107014531968161
2201,0.00010130053851753473,0.0001012489665299654
2202,0.00010156032658414915,0.00010127694258699194
2203,0.00010151800233870745,0.00010083162487717345
2204,0.00010109281720360741,0.00010036870662588626
2205,0.00010066227696370333,0.00010030125122284517
2206,0.00010052640573121607,0.00010032008867710829
2207,0.0001006044476525858,0.0001003440484055318
2208,0.00010059779015136883,0.0001001097698463127
2209,0.00010035179002443328,9.973013948183507e-05
2210,0.0001000103002297692,9.959632734535262e-05
2211,9.982359188143164e-05,9.9580007372424e-05
2212,9.983679774450138e-05,9.959602903109044e-05
2213,9.984483040170744e-05,9.944280463969335e-05
2214,9.967086225515231e-05,9.913372196024284e-05
2215,9.939080337062478e-05,9.898240386974066e-05
2216,9.921078162733465e-05,9.894881077343598e-05
2217,9.918679279508069e-05,9.893089736578986e-05
2218,9.917115676216781e-05,9.880679135676473e-05
2219,9.903010504785925e-05,9.857620898401365e-05
2220,9.881122969090939e-05,9.842848521657288e-05
2221,9.865286119747907e-05,9.837398101808503e-05
2222,9.859557030722499e-05,9.832488285610452e-05
2223,9.855032840278e-05,9.821343701332808e-05
2224,9.843207226367667e-05,9.804446017369628e-05
2225,9.82616184046492e-05,9.789910109248012e-05
2226,9.81187549768947e-05,9.782501729205251e-05
2227,9.803601278690621e-05,9.775818034540862e-05
2228,9.797052916837856e-05,9.765749564394355e-05
2229,9.786916052689776e-05,9.753077756613493e-05
2230,9.773156489245594e-05,9.738978405948728e-05
2231,9.759907698025927e-05,9.730142483022064e-05
2232,9.749947639647871e-05,9.721959941089153e-05
2233,9.741897520143539e-05,9.712533210404217e-05
2234,9.73268470261246e-05,9.70241308095865e-05
2235,9.721298556542024e-05,9.689439320936799e-05
2236,9.709326695883647e-05,9.679941285867244e-05
2237,9.698552457848564e-05,9.670190775068477e-05
2238,9.68905005720444e-05,9.660891373641789e-05
2239,9.679701179265976e-05,9.651901928009465e-05
2240,9.669762948760763e-05,9.64071587077342e-05
2241,9.659369243308902e-05,9.631464490666986e-05
2242,9.648925333749503e-05,9.620652417652309e-05
2243,9.638610208639875e-05,9.611055429559201e-05
2244,9.628489351598546e-05,9.601614146959037e-05
2245,9.618692274671048e-05,9.591876732883975e-05
2246,9.609192056814209e-05,9.583268547430634e-05
2247,9.599654003977776e-05,9.572772978572175e-05
2248,9.589709952706471e-05,9.563394269207492e-05
2249,9.579422476235777e-05,9.5529539976269e-05
2250,9.56925141508691e-05,9.543626219965518e-05
2251,9.559559111949056e-05,9.534726268611848e-05
2252,9.550237882649526e-05,9.525048517389223e-05
2253,9.540879545966163e-05,9.516350837657228e-05
2254,9.531214891467243e-05,9.505912021268159e-05
2255,9.521326865069568e-05,9.49688910623081e-05
2256,9.511489042779431e-05,9.487210627412423e-05
2257,9.501876047579572e-05,9.477868297835812e-05
2258,9.492450044490397e-05,9.469142241869122e-05
2259,9.483070607529953e-05,9.459261491429061e-05
2260,9.47364023886621e-05,9.450630022911355e-05
2261,9.464158210903406e-05,9.440879512112588e-05
2262,9.454675455344841e-05,9.431834041606635e-05
2263,9.445226169191301e-05,9.422720177099109e-05
2264,9.435818355996162e-05,9.413258521817625e-05
2265,9.426443284610286e-05,9.404493903275579e-05
2266,9.417116962140426e-05,9.395097731612623e-05
2267,9.407843026565388e-05,9.386230522068217e-05
2268,9.398602560395375e-05,9.377138485433534e-05
2269,9.389359183842316e-05,9.368012979393825e-05
2270,9.380101255374029e-05,9.359030809719115e-05
2271,9.37084696488455e-05,9.349972242489457e-05
2272,9.361635602544993e-05,9.340974793303758e-05
2273,9.352483903057873e-05,9.33214760152623e-05
2274,9.343375131720677e-05,9.323124686488882e-05
2275,9.334277274319902e-05,9.314271301263943e-05
2276,9.325179416919127e-05,9.305393905378878e-05
2277,9.316092473454773e-05,9.296382631873712e-05
2278,9.30703099584207e-05,9.287742432206869e-05
2279,9.297999349655584e-05,9.278687502956018e-05
2280,9.28899462451227e-05,9.27007567952387e-05
2281,9.280009544454515e-05,9.261189552489668e-05
2282,9.271047747461125e-05,9.2524234787561e-05
2283,9.262112143915147e-05,9.243796375812963e-05
2284,9.253206371795386e-05,9.234906610799953e-05
2285,9.244315879186615e-05,9.22639446798712e-05
2286,9.23544357647188e-05,9.217539627570659e-05
2287,9.226582187693566e-05,9.208978008246049e-05
2288,9.217737533617765e-05,9.200274507747963e-05
2289,9.208914707414806e-05,9.191643039230257e-05
2290,9.200117347063497e-05,9.183071233564988e-05
2291,9.19134181458503e-05,9.174425940727815e-05
2292,9.182588109979406e-05,9.165910887531936e-05
2293,9.173854778055102e-05,9.157310705631971e-05
2294,9.165141091216356e-05,9.148817480308935e-05
2295,9.156447049463168e-05,9.140271140495315e-05
2296,9.1477733803913e-05,9.131811384577304e-05
2297,9.139120811596513e-05,9.123299241764471e-05
2298,9.130483522312716e-05,9.114874410443008e-05
2299,9.121862967731431e-05,9.106387005886063e-05
2300,9.113261330639943e-05,9.098000009544194e-05
2301,9.104677883442491e-05,9.089546801988035e-05
2302,9.096114081330597e-05,9.081196913029999e-05
2303,9.087568469112739e-05,9.07277935766615e-05
2304,9.079039591597393e-05,9.064456389751285e-05
2305,9.070531814359128e-05,9.05608685570769e-05
2306,9.062039316631854e-05,9.04777625692077e-05
2307,9.053566463990137e-05,9.039474389282987e-05
2308,9.045112528838217e-05,9.031160152517259e-05
2309,9.036676783580333e-05,9.022929589264095e-05
2310,9.028259955812246e-05,9.014618990477175e-05
2311,9.019861317938194e-05,9.006452455651015e-05
2312,9.011485235532746e-05,8.998172415886074e-05
2313,9.003131708595902e-05,8.99005462997593e-05
2314,8.99480510270223e-05,8.981835708254948e-05
2315,8.986511238617823e-05,8.973789226729423e-05
2316,8.978258847491816e-05,8.96566198207438e-05
2317,8.970066846814007e-05,8.957778481999412e-05
2318,8.96195851964876e-05,8.949823677539825e-05
2319,8.953985525295138e-05,8.94235199666582e-05
2320,8.946227899286896e-05,8.934880315791816e-05
2321,8.938823884818703e-05,8.928460738388821e-05
2322,8.93202523002401e-05,8.922509732656181e-05
2323,8.92626921995543e-05,8.919085667002946e-05
2324,8.922339475248009e-05,8.918002276914194e-05
2325,8.9216475316789e-05,8.923826680984348e-05
2326,8.926791633712128e-05,8.938749670051038e-05
2327,8.942469139583409e-05,8.974748197942972e-05
2328,8.977542165666819e-05,9.043776663020253e-05
2329,9.048088395502418e-05,9.181850327877328e-05
2330,9.184992086375132e-05,9.436569962417707e-05
2331,9.44304556469433e-05,9.921715536620468e-05
2332,9.927275823429227e-05,0.00010792318062158301
2333,0.00010805940837599337,0.00012359571701381356
2334,0.00012374807556625456,0.00014885513519402593
2335,0.00014921232650522143,0.00018659040506463498
2336,0.00018703119712881744,0.00022737981635145843
2337,0.00022825310588814318,0.0002584329922683537
2338,0.0002592832606751472,0.0002561180153861642
2339,0.0002573908132035285,0.0002471530460752547
2340,0.00024748893338255584,0.0002604398468974978
2341,0.0002608139766380191,0.0003042423049919307
2342,0.00030291720759123564,0.0003235089825466275
2343,0.0003227089764550328,0.0002533797232899815
2344,0.00025212339824065566,0.0001452703872928396
2345,0.00014505541184917092,9.484552720095962e-05
2346,9.497788414591923e-05,0.00012877877452410758
2347,0.0001282967277802527,0.0001738637511152774
2348,0.00017363847291562706,0.0001712382072582841
2349,0.0001708402269287035,0.00014175925753079355
2350,0.0001418072934029624,0.00012027830962324515
2351,0.00012062662426615134,0.00011149248166475445
2352,0.00011138475383631885,0.00011049745080526918
2353,0.00011042729602195323,0.0001204679865622893
2354,0.00012058416905347258,0.00012899271678179502
2355,0.00012908836652059108,0.00011522296699695289
2356,0.00011555526725715026,9.341107943328097e-05
2357,9.354510257253423e-05,9.572300041327253e-05
2358,9.566501103108749e-05,0.00011282514606136829
2359,0.00011319239274598658,0.00011236425780225545
2360,0.00011247545626247302,9.589761612005532e-05
2361,9.593743016012013e-05,9.02091123862192e-05
2362,9.041965677170083e-05,9.823916479945183e-05
2363,9.813964425120503e-05,0.0001010369960567914
2364,0.0001012548163998872,9.647517435951158e-05
2365,9.665438847150654e-05,9.341252007288858e-05
2366,9.327467705588788e-05,9.182886424241588e-05
2367,9.208236588165164e-05,9.128706733463332e-05
2368,9.130180114880204e-05,9.301738464273512e-05
2369,9.299658267991617e-05,9.429506462765858e-05
2370,9.44746207096614e-05,9.110538667300716e-05
2371,9.095686255022883e-05,8.69145369506441e-05
2372,8.702593186171725e-05,8.884843555279076e-05
2373,8.89493603608571e-05,9.23890111153014e-05
2374,9.227477858075872e-05,9.026999759953469e-05
2375,9.043324826052412e-05,8.668439113534987e-05
2376,8.66867630975321e-05,8.68751885718666e-05
2377,8.687480294611305e-05,8.888505544746295e-05
2378,8.900743705453351e-05,8.88463546289131e-05
2379,8.878322842065245e-05,8.707497181603685e-05
2380,8.715546573512256e-05,8.651525422465056e-05
2381,8.659446757519618e-05,8.676460129208863e-05
2382,8.674401033204049e-05,8.664119377499446e-05
2383,8.674544369569048e-05,8.67844428285025e-05
2384,8.682481711730361e-05,8.664559572935104e-05
2385,8.668238297104836e-05,8.581743168178946e-05
2386,8.590046491008252e-05,8.536297536920756e-05
2387,8.537803660146892e-05,8.57802078826353e-05
2388,8.582702139392495e-05,8.615039405412972e-05
2389,8.621470624348149e-05,8.560063724871725e-05
2390,8.562810398871079e-05,8.487462037010118e-05
2391,8.492285996908322e-05,8.495345537085086e-05
2392,8.500577678205445e-05,8.53000528877601e-05
2393,8.532533684046939e-05,8.510359475621954e-05
2394,8.514896762790158e-05,8.472990157315508e-05
2395,8.476561197312549e-05,8.463556878268719e-05
2396,8.464331767754629e-05,8.457992225885391e-05
2397,8.462395635433495e-05,8.447542495559901e-05
2398,8.449687447864562e-05,8.438897202722728e-05
2399,8.440474630333483e-05,8.434254414169118e-05
2400,8.438645454589278e-05,8.424863335676491e-05
2401,8.425309351878241e-05,8.399942453252152e-05
2402,8.402649837080389e-05,8.390800940105692e-05
2403,8.39347267174162e-05,8.397664350923151e-05
2404,8.397259807679802e-05,8.388892456423491e-05
2405,8.391727169509977e-05,8.372739102924243e-05
2406,8.373393211513758e-05,8.358970080735162e-05
2407,8.359603816643357e-05,8.352988515980542e-05
2408,8.355667523574084e-05,8.350713324034587e-05
2409,8.350630378117785e-05,8.338897168869153e-05
2410,8.340350177604705e-05,8.329581760335714e-05
2411,8.331090066349134e-05,8.324657392222434e-05
2412,8.324263762915507e-05,8.313801663462073e-05
2413,8.315299783134833e-05,8.304544462589547e-05
2414,8.304814400617033e-05,8.297817839775234e-05
2415,8.297513704746962e-05,8.291075937449932e-05
2416,8.292518759844825e-05,8.285552030429244e-05
2417,8.284903015010059e-05,8.274350693682209e-05
2418,8.274605352198705e-05,8.265188807854429e-05
2419,8.265821816166863e-05,8.26085961307399e-05
2420,8.259417518274859e-05,8.251802501035854e-05
2421,8.252469706349075e-05,8.245022763730958e-05
2422,8.244081982411444e-05,8.237297151936218e-05
2423,8.236242865677923e-05,8.229084050981328e-05
2424,8.229450759245083e-05,8.223933400586247e-05
2425,8.22194924694486e-05,8.213412365876138e-05
2426,8.213289402192459e-05,8.206345955841243e-05
2427,8.205225458368659e-05,8.200461888918653e-05
2428,8.198621799238026e-05,8.192499808501452e-05
2429,8.192111999960616e-05,8.186829654732719e-05
2430,8.184432954294607e-05,8.17728869151324e-05
2431,8.176176925189793e-05,8.17006584838964e-05
2432,8.168466592906043e-05,8.163569873431697e-05
2433,8.161321602528915e-05,8.155356772476807e-05
2434,8.154156239470467e-05,8.14932573121041e-05
2435,8.146860636770725e-05,8.141501893987879e-05
2436,8.139647252392024e-05,8.134497329592705e-05
2437,8.132374205160886e-05,8.127362525556237e-05
2438,8.124784653773531e-05,8.119262929540128e-05
2439,8.117097604554147e-05,8.112435898510739e-05
2440,8.10977362561971e-05,8.105411689030007e-05
2441,8.102825813693926e-05,8.098398393485695e-05
2442,8.095802331808954e-05,8.091277413768694e-05
2443,8.088436152320355e-05,8.083818829618394e-05
2444,8.080932457232848e-05,8.07646065368317e-05
2445,8.073571370914578e-05,8.069595787674189e-05
2446,8.06635434855707e-05,8.062228880589828e-05
2447,8.059139508986846e-05,8.055193029576913e-05
2448,8.051899203564972e-05,8.048183372011408e-05
2449,8.044708374654874e-05,8.040806278586388e-05
2450,8.037542284000665e-05,8.034038910409436e-05
2451,8.030309254536405e-05,8.026499563129619e-05
2452,8.022995461942628e-05,8.019452798180282e-05
2453,8.01571222837083e-05,8.012427133508027e-05
2454,8.008522127056494e-05,8.005142444744706e-05
2455,8.001377136679366e-05,7.998319051694125e-05
2456,7.994194311322644e-05,7.990957965375856e-05
2457,7.986967102624476e-05,7.983900286490098e-05
2458,7.979757356224582e-05,7.976864435477182e-05
2459,7.972585444804281e-05,7.969640864757821e-05
2460,7.965414260979742e-05,7.962654490256682e-05
2461,7.95822124928236e-05,7.955491309985518e-05
2462,7.951014413265511e-05,7.948317215777934e-05
2463,7.943825039546937e-05,7.941368676256388e-05
2464,7.936656766105443e-05,7.934123277664185e-05
2465,7.929492858238518e-05,7.927117258077487e-05
2466,7.92232749518007e-05,7.920046482468024e-05
2467,7.915164314908907e-05,7.912833098089322e-05
2468,7.908009138191119e-05,7.905953680165112e-05
2469,7.900851778686047e-05,7.898656622273847e-05
2470,7.893683505244553e-05,7.891697896411642e-05
2471,7.886507955845445e-05,7.884568185545504e-05
2472,7.879342592786998e-05,7.877417374402285e-05
2473,7.872191781643778e-05,7.870477566029876e-05
2474,7.86504679126665e-05,7.86324089858681e-05
2475,7.857899618102238e-05,7.856271986383945e-05
2476,7.850748806959018e-05,7.849147368688136e-05
2477,7.843600178603083e-05,7.842038758099079e-05
2478,7.836454460630193e-05,7.83504219725728e-05
2479,7.829310197848827e-05,7.827871013432741e-05
2480,7.822163024684414e-05,7.82084243837744e-05
2481,7.81501512392424e-05,7.813759293640032e-05
2482,7.807871588738635e-05,7.806614303262904e-05
2483,7.800730236340314e-05,7.799638115102425e-05
2484,7.793588156346232e-05,7.792440010234714e-05
2485,7.786446076352149e-05,7.785447087371722e-05
2486,7.779302541166544e-05,7.778324652463198e-05
2487,7.772161916363984e-05,7.771229138597846e-05
2488,7.76502420194447e-05,7.764210749883205e-05
2489,7.757887215120718e-05,7.757040293654427e-05
2490,7.750750228296965e-05,7.750045915599912e-05
2491,7.743613241473213e-05,7.74289364926517e-05
2492,7.736475527053699e-05,7.735847611911595e-05
2493,7.729337812634185e-05,7.728756463620812e-05
2494,7.722200098214671e-05,7.721659494563937e-05
2495,7.715064566582441e-05,7.714593812124804e-05
2496,7.707926124567166e-05,7.707493932684883e-05
2497,7.70078768255189e-05,7.700401329202577e-05
2498,7.6936514233239e-05,7.69333855714649e-05
2499,7.686515164095908e-05,7.686210301471874e-05
2500,7.679376722080633e-05,7.679163536522537e-05
2501,7.672238280065358e-05,7.672033098060638e-05
2502,7.665100565645844e-05,7.664971781196073e-05
2503,7.657962123630568e-05,7.657864625798538e-05
2504,7.650823681615293e-05,7.65077566029504e-05
2505,7.643684512004256e-05,7.643678691238165e-05
2506,7.63654534239322e-05,7.636591180926189e-05
2507,7.629406900377944e-05,7.62947674957104e-05
2508,7.622267003171146e-05,7.622408156748861e-05
2509,7.615126378368586e-05,7.615270442329347e-05
2510,7.60798720875755e-05,7.608220766996965e-05
2511,7.60084658395499e-05,7.601069228257984e-05
2512,7.593706686748192e-05,7.594020280521363e-05
2513,7.586563879158348e-05,7.586870196973905e-05
2514,7.57942398195155e-05,7.579816156066954e-05
2515,7.572285539936274e-05,7.572668982902542e-05
2516,7.565146370325238e-05,7.565622945548967e-05
2517,7.558010111097246e-05,7.558465586043894e-05
2518,7.550878217443824e-05,7.551458838861436e-05
2519,7.543753599748015e-05,7.544270192738622e-05
2520,7.536636985605583e-05,7.537344936281443e-05
2521,7.529536378569901e-05,7.530130096711218e-05
2522,7.52246196498163e-05,7.523347449023277e-05
2523,7.515427569160238e-05,7.516146433772519e-05
2524,7.50846229493618e-05,7.509650458814576e-05
2525,7.50160324969329e-05,7.502596417907625e-05
2526,7.49492464819923e-05,7.496752368751913e-05
2527,7.48854290577583e-05,7.490263669751585e-05
2528,7.482661749236286e-05,7.486062531825155e-05
2529,7.477623148588464e-05,7.481439388357103e-05
2530,7.474018639186397e-05,7.481671491404995e-05
2531,7.472883589798585e-05,7.483077934011817e-05
2532,7.476028986275196e-05,7.49600658309646e-05
2533,7.486678805435076e-05,7.516845653299242e-05
2534,7.51052939449437e-05,7.568129512947053e-05
2535,7.557957724202424e-05,7.652261410839856e-05
2536,7.647407619515434e-05,7.824554631952196e-05
2537,7.813124102540314e-05,8.117661491269246e-05
2538,8.115850505419075e-05,8.682811312610283e-05
2539,8.6698513769079e-05,9.666695405030623e-05
2540,9.671614679973572e-05,0.00011500620894366875
2541,0.00011487389565445483,0.0001465174282202497
2542,0.0001467227702960372,0.00020157314429525286
2543,0.00020151946227997541,0.0002856892824638635
2544,0.000286238850094378,0.0004026463720947504
2545,0.0004029338888358325,0.0005067066522315145
2546,0.0005077485693618655,0.0005312412977218628
2547,0.000532038975507021,0.000389203371014446
2548,0.00039005567668937147,0.0001799955207388848
2549,0.00018039486894849688,8.606012124801055e-05
2550,8.599574357504025e-05,0.00016714494267944247
2551,0.00016729984781704843,0.0002613998658489436
2552,0.00026165592134930193,0.0002142426383215934
2553,0.00021449290215969086,0.00010763519094325602
2554,0.0001079445646610111,9.969709935830906e-05
2555,9.922152094077319e-05,0.00016128894640132785
2556,0.00016164845146704465,0.00015940637968014926
2557,0.00015959679149091244,0.00010170770838158205
2558,0.00010160180681850761,9.781005064724013e-05
2559,9.81199846137315e-05,0.00013150055019650608
2560,0.0001310307125095278,0.00011693032138282433
2561,0.0001172940174001269,8.747856190893799e-05
2562,8.767881809035316e-05,9.992202831199393e-05
2563,9.952844266081229e-05,0.00011124018783448264
2564,0.00011149258352816105,8.987773617263883e-05
2565,8.992991934064776e-05,8.270366379292682e-05
2566,8.2544625911396e-05,9.850592323346063e-05
2567,9.872399823507294e-05,9.325961582362652e-05
2568,9.305293497163802e-05,7.752617966616526e-05
2569,7.758997526252642e-05,8.585253817727789e-05
2570,8.607292693341151e-05,9.303387923864648e-05
2571,9.267872519558296e-05,7.894713780842721e-05
2572,7.915929018054157e-05,7.600589742651209e-05
2573,7.607418956467882e-05,8.70663789100945e-05
2574,8.685532520757988e-05,8.297422755276784e-05
2575,8.311941928695887e-05,7.295088289538398e-05
2576,7.297415140783414e-05,7.80249247327447e-05
2577,7.791972893755883e-05,8.268561214208603e-05
2578,8.283056376967579e-05,7.578091754112393e-05
2579,7.573768380098045e-05,7.335910049732774e-05
2580,7.335052941925824e-05,7.831097900634632e-05
2581,7.848553650546819e-05,7.738888962194324e-05
2582,7.728135824436322e-05,7.303859456442297e-05
2583,7.313422247534618e-05,7.472282595699653e-05
2584,7.483488298021257e-05,7.623271812917665e-05
2585,7.615813956363127e-05,7.334002293646336e-05
2586,7.343519973801449e-05,7.293945964192972e-05
2587,7.302444282686338e-05,7.46830046409741e-05
2588,7.463392103090882e-05,7.330693915719166e-05
2589,7.343666948145255e-05,7.207340240711346e-05
2590,7.209970499388874e-05,7.320736767724156e-05
2591,7.32213884475641e-05,7.316791743505746e-05
2592,7.329117943299934e-05,7.183258276199922e-05
2593,7.181413093348965e-05,7.192538760136813e-05
2594,7.199095125542954e-05,7.27242513676174e-05
2595,7.27877632016316e-05,7.188107701949775e-05
2596,7.189173629740253e-05,7.110373553587124e-05
2597,7.115389598766342e-05,7.179891690611839e-05
2598,7.185419235611334e-05,7.190129690570757e-05
2599,7.191414624685422e-05,7.089324935805053e-05
2600,7.094809552654624e-05,7.08250590832904e-05
2601,7.085546531016007e-05,7.136748172342777e-05
2602,7.139288209145889e-05,7.103368261596188e-05
2603,7.106710836524144e-05,7.042789366096258e-05
2604,7.046465907478705e-05,7.060193456709385e-05
2605,7.060993084451184e-05,7.076291512930766e-05
2606,7.079968054313213e-05,7.04009216860868e-05
2607,7.043204823276028e-05,7.018214091658592e-05
2608,7.017888128757477e-05,7.02550751157105e-05
2609,7.030636334093288e-05,7.024668593658134e-05
2610,7.024744991213083e-05,6.995377771090716e-05
2611,6.997083983151242e-05,6.987329834373668e-05
2612,6.990852125454694e-05,6.995380681473762e-05
2613,6.994670548010617e-05,6.976329314056784e-05
2614,6.978454621275887e-05,6.958185986150056e-05
2615,6.960713653825223e-05,6.962416227906942e-05
2616,6.960370228625834e-05,6.952835246920586e-05
2617,6.956627476029098e-05,6.940470484551042e-05
2618,6.939246668480337e-05,6.927990762051195e-05
2619,6.928497168701142e-05,6.926837522769347e-05
2620,6.928318907739595e-05,6.921362364664674e-05
2621,6.920356827322394e-05,6.904423935338855e-05
2622,6.904736073920503e-05,6.895999831613153e-05
2623,6.897349521750584e-05,6.898190622450784e-05
2624,6.895912520121783e-05,6.885106995468959e-05
2625,6.887056224513799e-05,6.875547842355445e-05
2626,6.873907841509208e-05,6.867579941172153e-05
2627,6.867438787594438e-05,6.864956230856478e-05
2628,6.864547322038561e-05,6.857294647488743e-05
2629,6.856625986984e-05,6.848239718237892e-05
2630,6.846509495517239e-05,6.83978505549021e-05
2631,6.840848072897643e-05,6.841045978944749e-05
2632,6.837469845777377e-05,6.830203346908092e-05
2633,6.831761129433289e-05,6.829370249761268e-05
2634,6.825957825640216e-05,6.823366129538044e-05
2635,6.823934381827712e-05,6.82772952131927e-05
2636,6.824585580034181e-05,6.825489981565624e-05
2637,6.826362368883565e-05,6.836892862338573e-05
2638,6.832079088781029e-05,6.842517177574337e-05
2639,6.845568714197725e-05,6.875700637465343e-05
2640,6.868378113722429e-05,6.898432184243575e-05
2641,6.903668690938503e-05,6.968071102164686e-05
2642,6.95880880812183e-05,7.037429168121889e-05
2643,7.044832454994321e-05,7.185100548667833e-05
2644,7.173517224146053e-05,7.352422835538164e-05
2645,7.363938493654132e-05,7.65389486332424e-05
2646,7.63840798754245e-05,8.009594603208825e-05
2647,8.028202864807099e-05,8.565489406464621e-05
2648,8.545313903596252e-05,9.166217205347493e-05
2649,9.193851292366162e-05,9.910661174217239e-05
2650,9.88725369097665e-05,0.00010457295138621703
2651,0.00010492480214452371,0.00010740941797848791
2652,0.00010718390694819391,0.00010344234760850668
2653,0.00010377541912021115,9.417808178113773e-05
2654,9.40140089369379e-05,8.128197805490345e-05
2655,8.143710147123784e-05,7.109908619895577e-05
2656,7.10344102117233e-05,6.686834967695177e-05
2657,6.680042861262336e-05,6.89167864038609e-05
2658,6.897048297105357e-05,7.463186921086162e-05
2659,7.447920506820083e-05,7.900759374024346e-05
2660,7.914291199995205e-05,8.001682726899162e-05
2661,7.990781887201592e-05,7.648747850907966e-05
2662,7.657651440240443e-05,7.13991466909647e-05
2663,7.13479530531913e-05,6.741811375832185e-05
2664,6.737110379617661e-05,6.642592052230611e-05
2665,6.642559310421348e-05,6.822468276368454e-05
2666,6.811094499425963e-05,7.049222040222958e-05
2667,7.053821173030883e-05,7.186098082456738e-05
2668,7.177976658567786e-05,7.104958785930648e-05
2669,7.10773456376046e-05,6.903293251525611e-05
2670,6.89961452735588e-05,6.693225441267714e-05
2671,6.688258872600272e-05,6.583352660527453e-05
2672,6.582189962500706e-05,6.614760786760598e-05
2673,6.605596718145534e-05,6.701382517348975e-05
2674,6.7017441324424e-05,6.79072763887234e-05
2675,6.783811113564298e-05,6.794141518184915e-05
2676,6.792993372073397e-05,6.728049629600719e-05
2677,6.724611012032256e-05,6.626896356465295e-05
2678,6.621581269428134e-05,6.539953756146133e-05
2679,6.538097659358755e-05,6.514708366012201e-05
2680,6.507335638161749e-05,6.528993253596127e-05
2681,6.527191726490855e-05,6.574380677193403e-05
2682,6.568617391167209e-05,6.600109190912917e-05
2683,6.5970016294159e-05,6.594875594601035e-05
2684,6.591418787138537e-05,6.558762106578797e-05
2685,6.5535721660126e-05,6.504726479761302e-05
2686,6.502065662061796e-05,6.465800834121183e-05
2687,6.459659925894812e-05,6.443751772167161e-05
2688,6.44060637569055e-05,6.450106593547389e-05
2689,6.44486426608637e-05,6.464916077675298e-05
2690,6.46083863102831e-05,6.477192073361948e-05
2691,6.473346729762852e-05,6.476906128227711e-05
2692,6.471920642070472e-05,6.458227289840579e-05
2693,6.454926915466785e-05,6.434032547986135e-05
2694,6.428632332244888e-05,6.406285683624446e-05
2695,6.40258367639035e-05,6.389502959791571e-05
2696,6.384462176356465e-05,6.381389539455995e-05
2697,6.37698540231213e-05,6.381949060596526e-05
2698,6.377699901349843e-05,6.386041059158742e-05
2699,6.381160346791148e-05,6.385613232851028e-05
2700,6.381932325894013e-05,6.381906860042363e-05
2701,6.376906821969897e-05,6.369774200720713e-05
2702,6.366059824358672e-05,6.356535595841706e-05
2703,6.351723277475685e-05,6.341323751257733e-05
2704,6.337111699394882e-05,6.329296593321487e-05
2705,6.324858986772597e-05,6.320909596979618e-05
2706,6.316170038189739e-05,6.314781057881191e-05
2707,6.310718890745193e-05,6.312127516139299e-05
2708,6.307173316599801e-05,6.307804869720712e-05
2709,6.303921691142023e-05,6.30451031611301e-05
2710,6.299674714682624e-05,6.297798245213926e-05
2711,6.293795013334602e-05,6.290832970989868e-05
2712,6.28628913545981e-05,6.28197958576493e-05
2713,6.277648208197206e-05,6.272818427532911e-05
2714,6.268564175115898e-05,6.264319381443784e-05
2715,6.259683141252026e-05,6.255497282836586e-05
2716,6.25144166406244e-05,6.248762656468898e-05
2717,6.244020914891735e-05,6.241369555937126e-05
2718,6.237382331164554e-05,6.23596934019588e-05
2719,6.231330917216837e-05,6.229663267731667e-05
2720,6.225605466170236e-05,6.224378012120724e-05
2721,6.219948409125209e-05,6.218365888344124e-05
2722,6.214154564077035e-05,6.21231592958793e-05
2723,6.208095874171704e-05,6.206069519976154e-05
2724,6.201719224918634e-05,6.199104245752096e-05
2725,6.195042806211859e-05,6.192533328430727e-05
2726,6.188131374074146e-05,6.185061647556722e-05
2727,6.181080971146002e-05,6.178335752338171e-05
2728,6.173982546897605e-05,6.17089681327343e-05
2729,6.166920502437279e-05,6.164196383906528e-05
2730,6.159955228213221e-05,6.157140887808055e-05
2731,6.153119466034696e-05,6.150532863102853e-05
2732,6.146426312625408e-05,6.143935752334073e-05
2733,6.139861943665892e-05,6.137392483651638e-05
2734,6.13341253483668e-05,6.131142436061054e-05
2735,6.127044616732746e-05,6.124612991698086e-05
2736,6.120735633885488e-05,6.118539749877527e-05
2737,6.114460848039016e-05,6.112009577918798e-05
2738,6.10820425208658e-05,6.105978536652401e-05
2739,6.101957842474803e-05,6.0994760133326054e-05
2740,6.095713615650311e-05,6.093409319873899e-05
2741,6.089477028581314e-05,6.086993380449712e-05
2742,6.083250627852976e-05,6.080864113755524e-05
2743,6.077042780816555e-05,6.0746002418454736e-05
2744,6.0708589444402605e-05,6.068407674320042e-05
2745,6.064710396458395e-05,6.0623591707553715e-05
2746,6.0586138715734705e-05,6.056145502952859e-05
2747,6.052581738913432e-05,6.050386946299113e-05
2748,6.046642010915093e-05,6.044240217306651e-05
2749,6.04081797064282e-05,6.038895298843272e-05
2750,6.035156184225343e-05,6.032987221260555e-05
2751,6.02971158514265e-05,6.0283069615252316e-05
2752,6.0245718486839905e-05,6.022968591423705e-05
2753,6.019854117766954e-05,6.019471038598567e-05
2754,6.015737017150968e-05,6.015395047143102e-05
2755,6.012478479533456e-05,6.014203609083779e-05
2756,6.0104615840828046e-05,6.012896847096272e-05
2757,6.0102578572696075e-05,6.016492989147082e-05
2758,6.012732410454191e-05,6.021408989909105e-05
2759,6.0191905504325405e-05,6.035435217199847e-05
2760,6.031655357219279e-05,6.054739424143918e-05
2761,6.05321183684282e-05,6.0924721765331924e-05
2762,6.0887294239364564e-05,6.145967927295715e-05
2763,6.145679799374193e-05,6.239469803404063e-05
2764,6.236009357962757e-05,6.375951488735154e-05
2765,6.37806806480512e-05,6.603708607144654e-05
2766,6.601301720365882e-05,6.942817708477378e-05
2767,6.949917587917298e-05,7.492686563637108e-05
2768,7.49347236705944e-05,8.310958946822211e-05
2769,8.328755939146504e-05,9.585117368260399e-05
2770,9.594270522939041e-05,0.0001139630694524385
2771,0.00011436482600402087,0.00013954109454061836
2772,0.00013980851508677006,0.00017055093485396355
2773,0.00017134490190073848,0.00020356081950012594
2774,0.00020403698727022856,0.0002254536811960861
2775,0.00022661556431557983,0.00022347022604662925
2776,0.00022380781592801213,0.00018846466264221817
2777,0.00018937322602141649,0.0001337333960691467
2778,0.00013349491928238422,8.642730972496793e-05
2779,8.664595952723175e-05,7.18939772923477e-05
2780,7.170077878981829e-05,8.695284486748278e-05
2781,8.700667240191251e-05,0.00010755209223134443
2782,0.0001079417415894568,0.00011093540524598211
2783,0.00011088119208579883,9.320719982497394e-05
2784,9.356764348922297e-05,7.500957872252911e-05
2785,7.479835767298937e-05,7.124763942556456e-05
2786,7.129114237613976e-05,7.954981265356764e-05
2787,7.964549149619415e-05,8.449274173472077e-05
2788,8.436804637312889e-05,7.769583316985518e-05
2789,7.790939707774669e-05,6.872060475870967e-05
2790,6.853572267573327e-05,6.683635001536459e-05
2791,6.692518218187615e-05,7.194376667030156e-05
2792,7.20166353858076e-05,7.431601989082992e-05
2793,7.422200724249706e-05,6.877818668726832e-05
2794,6.893435784149915e-05,6.252644379856065e-05
2795,6.233810563571751e-05,6.177438626764342e-05
2796,6.183719233376905e-05,6.628565461141989e-05
2797,6.63120299577713e-05,6.879517604829744e-05
2798,6.874133396195248e-05,6.54443574603647e-05
2799,6.556868174811825e-05,6.078412843635306e-05
2800,6.064234912628308e-05,5.9101294027641416e-05
2801,5.915424117119983e-05,6.128983659436926e-05
2802,6.128857785370201e-05,6.32192604825832e-05
2803,6.317700899671763e-05,6.226259574759752e-05
2804,6.235740875126794e-05,6.031421071384102e-05
2805,6.021449371473864e-05,5.914989014854655e-05
2806,5.9210084145888686e-05,5.966892422293313e-05
2807,5.966036405880004e-05,6.002130976412445e-05
2808,5.999249697197229e-05,5.9211273764958605e-05
2809,5.928005339228548e-05,5.840021913172677e-05
2810,5.831802263855934e-05,5.816901830257848e-05
2811,5.822585808346048e-05,5.888476880500093e-05
2812,5.8869776694336906e-05,5.9173882618779317e-05
2813,5.916820009588264e-05,5.848499131388962e-05
2814,5.853554102941416e-05,5.758848419645801e-05
2815,5.752563083660789e-05,5.699304529116489e-05
2816,5.703939314116724e-05,5.73192082811147e-05
2817,5.728952965000644e-05,5.771948053734377e-05
2818,5.772146687377244e-05,5.772689473815262e-05
2819,5.775855970568955e-05,5.74240148125682e-05
2820,5.738226172979921e-05,5.69310286664404e-05
2821,5.697657252312638e-05,5.684656207449734e-05
2822,5.681710899807513e-05,5.681691982317716e-05
2823,5.6832534028217196e-05,5.6782824685797095e-05
2824,5.680029789800756e-05,5.66705348319374e-05
2825,5.664463242283091e-05,5.6437551393173635e-05
2826,5.6477918406017125e-05,5.644555494654924e-05
2827,5.641503958031535e-05,5.6403263442916796e-05
2828,5.642879114020616e-05,5.639801747747697e-05
2829,5.639973096549511e-05,5.627840801025741e-05
2830,5.6268330808961764e-05,5.606271224678494e-05
2831,5.609128129435703e-05,5.5996522860368714e-05
2832,5.596740811597556e-05,5.5902790336403996e-05
2833,5.5930922826519236e-05,5.5943608458619565e-05
2834,5.593058085651137e-05,5.5891196097945794e-05
2835,5.58964311494492e-05,5.579268326982856e-05
2836,5.580692595685832e-05,5.5712680477881804e-05
2837,5.569532731897198e-05,5.5577133025508374e-05
2838,5.5603162763873115e-05,5.55582155357115e-05
2839,5.5541095207445323e-05,5.5473909014835954e-05
2840,5.5490145314252004e-05,5.5428998166462407e-05
2841,5.5431028158636764e-05,5.536797470995225e-05
2842,5.536465687328018e-05,5.528552719624713e-05
2843,5.530469206860289e-05,5.527077155420557e-05
2844,5.5257474741665646e-05,5.5193293519550934e-05
2845,5.521399725694209e-05,5.5165724916150793e-05
2846,5.51598277525045e-05,5.508226968231611e-05
2847,5.509017137228511e-05,5.5004020396154374e-05
2848,5.501359555637464e-05,5.4949254263192415e-05
2849,5.494304787134752e-05,5.486494046635926e-05
2850,5.488450187840499e-05,5.484243229147978e-05
2851,5.483353743329644e-05,5.476402657222934e-05
2852,5.4781634389655665e-05,5.4724154324503615e-05
2853,5.472459815791808e-05,5.465825233841315e-05
2854,5.466530274134129e-05,5.4596537665929645e-05
2855,5.460932516143657e-05,5.456103463075124e-05
2856,5.4558757256018e-05,5.4491163609782234e-05
2857,5.4510401241714135e-05,5.4461805120809004e-05
2858,5.445902206702158e-05,5.438533116830513e-05
2859,5.440218956209719e-05,5.43371970707085e-05
2860,5.434193735709414e-05,5.427371070254594e-05
2861,5.42829220648855e-05,5.421463356469758e-05
2862,5.422850153991021e-05,5.417545617092401e-05
2863,5.417852662503719e-05,5.4111362260300666e-05
2864,5.413003236753866e-05,5.407677963376045e-05
2865,5.407986827776767e-05,5.400981171987951e-05
2866,5.402716851676814e-05,5.396474807639606e-05
2867,5.397353379521519e-05,5.390910155256279e-05
2868,5.3921463404549286e-05,5.385644544730894e-05
2869,5.387250712374225e-05,5.381859591579996e-05
2870,5.3826544899493456e-05,5.376140325097367e-05
2871,5.378226705943234e-05,5.37315099791158e-05
2872,5.373868043534458e-05,5.367453195503913e-05
2873,5.369611972128041e-05,5.3646592277800664e-05
2874,5.3656734962714836e-05,5.3604435379384086e-05
2875,5.362372030504048e-05,5.3586583817377687e-05
2876,5.360115028452128e-05,5.357711415854283e-05
2877,5.359359784051776e-05,5.359033093554899e-05
2878,5.360787326935679e-05,5.3638672397937626e-05
2879,5.3653970098821446e-05,5.373258318286389e-05
2880,5.3749678045278415e-05,5.3905503591522574e-05
2881,5.392159800976515e-05,5.420504749054089e-05
2882,5.421691821538843e-05,5.4686890507582575e-05
2883,5.470350515679456e-05,5.55048645765055e-05
2884,5.550444620894268e-05,5.678011439158581e-05
2885,5.67913957638666e-05,5.891822002013214e-05
2886,5.889136446057819e-05,6.224064418347552e-05
2887,6.222838419489563e-05,6.7741988459602e-05
2888,6.765456055290997e-05,7.616054062964395e-05
2889,7.607711449963972e-05,8.968805195763707e-05
2890,8.945720765041187e-05,0.00010904719238169491
2891,0.00010878323519136757,0.00013748573837801814
2892,0.0001369455858366564,0.00017078117525670677
2893,0.00017016973288264126,0.0002085473679471761
2894,0.00020755080913659185,0.00023131963098421693
2895,0.00023042688553687185,0.0002365059481235221
2896,0.00023544202849734575,0.00021090451627969742
2897,0.0002105052990373224,0.00017327812383882701
2898,0.00017304409993812442,0.00013759762805420905
2899,0.0001380884787067771,0.00011426451965235174
2900,0.00011458961671451107,0.00010185859719058499
2901,0.00010211124754277989,9.199479245580733e-05
2902,9.205275273416191e-05,8.623545727459714e-05
2903,8.596260886406526e-05,8.816051558824256e-05
2904,8.83850225363858e-05,9.701810631668195e-05
2905,9.704700642032549e-05,9.944670455297455e-05
2906,9.994531137635931e-05,8.727810200070962e-05
2907,8.740794874029234e-05,6.793908687541261e-05
2908,6.804412987548858e-05,5.950471313553862e-05
2909,5.967604374745861e-05,6.923923501744866e-05
2910,6.91662062308751e-05,8.1600621342659e-05
2911,8.204707410186529e-05,8.042799890972674e-05
2912,8.041466935537755e-05,6.481808668468148e-05
2913,6.510643288493156e-05,5.32470949110575e-05
2914,5.327555481926538e-05,5.617866190732457e-05
2915,5.621921445708722e-05,6.608680996578187e-05
2916,6.637270416831598e-05,6.955133721930906e-05
2917,6.95109847583808e-05,6.252798630157486e-05
2918,6.282109097810462e-05,5.553945084102452e-05
2919,5.5468128266511485e-05,5.4557109251618385e-05
2920,5.4699463362339884e-05,5.794699609396048e-05
2921,5.804254033137113e-05,5.9358979342505336e-05
2922,5.942343705100939e-05,5.73743564018514e-05
2923,5.7558732805773616e-05,5.555364259635098e-05
2924,5.5510310630779713e-05,5.506166417035274e-05
2925,5.5210741265909746e-05,5.54685975657776e-05
2926,5.546852116822265e-05,5.4808315326226875e-05
2927,5.495064033311792e-05,5.4164465836947784e-05
2928,5.424199844128452e-05,5.410863377619535e-05
2929,5.4180123697733507e-05,5.41388253623154e-05
2930,5.423625771072693e-05,5.3512805607169867e-05
2931,5.3542116802418604e-05,5.238492303760722e-05
2932,5.252191112958826e-05,5.234369746176526e-05
2933,5.237461664364673e-05,5.304975638864562e-05
2934,5.317429531714879e-05,5.359785063774325e-05
2935,5.363797754398547e-05,5.280658297124319e-05
2936,5.289894397719763e-05,5.155261533218436e-05
2937,5.164451795280911e-05,5.1114344387315214e-05
2938,5.118224726174958e-05,5.161551962373778e-05
2939,5.173071986064315e-05,5.2267612772993743e-05
2940,5.2317009249236435e-05,5.203038745094091e-05
2941,5.213737676967867e-05,5.136312393005937e-05
2942,5.143620728631504e-05,5.0898674089694396e-05
2943,5.099581539980136e-05,5.100380440126173e-05
2944,5.1102557335980237e-05,5.1280487241456285e-05
2945,5.136476465850137e-05,5.125271491124295e-05
2946,5.135016908752732e-05,5.097586472402327e-05
2947,5.106745447847061e-05,5.0715294491965324e-05
2948,5.0803042540792376e-05,5.05968855577521e-05
2949,5.070332554168999e-05,5.0597394874785095e-05
2950,5.067781239631586e-05,5.051254265708849e-05
2951,5.0619262765394524e-05,5.046325532021001e-05
2952,5.055134533904493e-05,5.044325007474981e-05
2953,5.053903441876173e-05,5.044235513196327e-05
2954,5.0547998398542404e-05,5.0397400627844036e-05
2955,5.04785894008819e-05,5.019605305278674e-05
2956,5.03118681081105e-05,5.007565050618723e-05
2957,5.0150487368227914e-05,4.998069198336452e-05
2958,5.0097922212444246e-05,5.005673665436916e-05
2959,5.013700501876883e-05,5.004449121770449e-05
2960,5.0156828365288675e-05,4.999359589419328e-05
2961,5.0081362132914364e-05,4.983816324966028e-05
2962,4.99409761687275e-05,4.972847818862647e-05
2963,4.9822312575997785e-05,4.96778120577801e-05
2964,4.977234857506119e-05,4.966417691321112e-05
2965,4.976582931703888e-05,4.966156848240644e-05
2966,4.9750709877116606e-05,4.9595662858337164e-05
2967,4.9704551202012226e-05,4.9558359023649246e-05
2968,4.964311301591806e-05,4.947634806740098e-05
2969,4.9587819376029074e-05,4.9456397391622886e-05
2970,4.954008181812242e-05,4.9378140829503536e-05
2971,4.948842979501933e-05,4.934213575324975e-05
2972,4.9430091166868806e-05,4.926905603497289e-05
2973,4.937677294947207e-05,4.924574386677705e-05
2974,4.9339312681695446e-05,4.92073995701503e-05
2975,4.931335206492804e-05,4.918793274555355e-05
2976,4.928333873976953e-05,4.9130750994663686e-05
2977,4.9238380597671494e-05,4.908990376861766e-05
2978,4.918230479233898e-05,4.901525244349614e-05
2979,4.912864460493438e-05,4.9001646402757615e-05
2980,4.9088084779214114e-05,4.893994628218934e-05
2981,4.906113099423237e-05,4.896199970971793e-05
2982,4.904160596197471e-05,4.889636693405919e-05
2983,4.9025475163944066e-05,4.894314770353958e-05
2984,4.9015692638931796e-05,4.888304465566762e-05
2985,4.9020811275113374e-05,4.898662518826313e-05
2986,4.905047899228521e-05,4.896580503555015e-05
2987,4.911578434985131e-05,4.9182603106601164e-05
2988,4.923295637127012e-05,4.9262296670349315e-05
2989,4.9431706429459155e-05,4.9732298066373914e-05
2990,4.975967749487609e-05,5.0095182814402506e-05
2991,5.029576277593151e-05,5.116804095450789e-05
2992,5.115674503031187e-05,5.229037196841091e-05
2993,5.254110510577448e-05,5.4821062803966925e-05
2994,5.4746084060752764e-05,5.796061304863542e-05
2995,5.829207657370716e-05,6.409053457900882e-05
2996,6.391132046701387e-05,7.240084960358217e-05
2997,7.285946776391938e-05,8.689824608154595e-05
2998,8.655270357849076e-05,0.00010649067553458735
2999,0.00010713538358686492,0.0001355308195343241
3000,0.00013495131861418486,0.00016816357674542814
3001,0.00016902899369597435,0.00019910844275727868
3002,0.00019832751422654837,0.00020759865583386272
3003,0.0002085851301671937,0.0001809065870475024
3004,0.000180256218300201,0.0001210155023727566
3005,0.0001217328681377694,6.628963456023484e-05
3006,6.621513603022322e-05,5.079143738839775e-05
3007,5.076477464172058e-05,7.477576582459733e-05
3008,7.52684791223146e-05,0.0001032355721690692
3009,0.00010275761451339349,9.947342186933383e-05
3010,0.00010012058191932738,7.14508569217287e-05
3011,7.13189656380564e-05,5.1670005632331595e-05
3012,5.1815346523653716e-05,5.9478643379407004e-05
3013,5.9875776059925556e-05,7.629240280948579e-05
3014,7.594748603878543e-05,7.364143675658852e-05
3015,7.416658627334982e-05,5.769886774942279e-05
3016,5.765623427578248e-05,5.038345625507645e-05
3017,5.0456495955586433e-05,5.880525350221433e-05
3018,5.917965609114617e-05,6.643700180575252e-05
3019,6.619213672820479e-05,5.9246751334285364e-05
3020,5.963642615824938e-05,4.988658110960387e-05
3021,4.9975686124525964e-05,5.0980710511794314e-05
3022,5.0950086006196216e-05,5.7674140407470986e-05
3023,5.8041667216457427e-05,5.841768143000081e-05
3024,5.824129766551778e-05,5.111057180329226e-05
3025,5.138719279784709e-05,4.788346996065229e-05
3026,4.8061683628475294e-05,5.188754585105926e-05
3027,5.182122185942717e-05,5.468934978125617e-05
3028,5.5048862122930586e-05,5.248229354037903e-05
3029,5.239885285845958e-05,4.818824527319521e-05
3030,4.840268593397923e-05,4.840546171180904e-05
3031,4.86163335153833e-05,5.127291296957992e-05
3032,5.124179369886406e-05,5.10703212057706e-05
3033,5.137340849614702e-05,4.890050695394166e-05
3034,4.890964919468388e-05,4.754593828693032e-05
3035,4.770804298459552e-05,4.8750865971669555e-05
3036,4.8964007874019444e-05,4.996277129976079e-05
3037,4.999127850169316e-05,4.8744037485448644e-05
3038,4.898695260635577e-05,4.741570955957286e-05
3039,4.751419692183845e-05,4.7448629629798234e-05
3040,4.7574281779816374e-05,4.837641608901322e-05
3041,4.859598629991524e-05,4.8664503992768005e-05
3042,4.872992212767713e-05,4.7514062316622585e-05
3043,4.771341264131479e-05,4.6806551836198196e-05
3044,4.69474725832697e-05,4.7153815103229135e-05
3045,4.725419421447441e-05,4.7654815716668963e-05
3046,4.787072248291224e-05,4.770719897351228e-05
3047,4.77884168503806e-05,4.696027099271305e-05
3048,4.71397906949278e-05,4.6618402848253027e-05
3049,4.677221295423806e-05,4.6889286750229076e-05
3050,4.6987046516733244e-05,4.706657273345627e-05
3051,4.726910628960468e-05,4.7040946810739115e-05
3052,4.713138332590461e-05,4.657215322367847e-05
3053,4.673703733715229e-05,4.639412509277463e-05
3054,4.654750591726042e-05,4.657264071283862e-05
3055,4.6672445023432374e-05,4.660943159251474e-05
3056,4.680305573856458e-05,4.658813850255683e-05
3057,4.66844103357289e-05,4.625951623893343e-05
3058,4.642485509975813e-05,4.614332283381373e-05
3059,4.629193426808342e-05,4.6247849240899086e-05
3060,4.6357879909919575e-05,4.626431473297998e-05
3061,4.644924047170207e-05,4.629922841559164e-05
3062,4.639628605218604e-05,4.605939466273412e-05
3063,4.622834239853546e-05,4.596458893502131e-05
3064,4.609825919033028e-05,4.59585317003075e-05
3065,4.6085635403869674e-05,4.595519931172021e-05
3066,4.612409611581825e-05,4.599791645887308e-05
3067,4.610648102243431e-05,4.584368798532523e-05
3068,4.601119508151896e-05,4.577835716190748e-05
3069,4.5906290324637666e-05,4.571540193865076e-05
3070,4.585614078678191e-05,4.569737211568281e-05
3071,4.5852877519791946e-05,4.5718079491052777e-05
3072,4.584042835631408e-05,4.562297181109898e-05
3073,4.57843198091723e-05,4.557382271741517e-05
3074,4.570348028209992e-05,4.5493958168663085e-05
3075,4.564005939755589e-05,4.546227501123212e-05
3076,4.561155947158113e-05,4.546684795059264e-05
3077,4.559796070680022e-05,4.5410299208015203e-05
3078,4.556873318506405e-05,4.538257053354755e-05
3079,4.551452730083838e-05,4.530115984380245e-05
3080,4.545168485492468e-05,4.525666372501291e-05
3081,4.54015244031325e-05,4.523185270954855e-05
3082,4.536950291367248e-05,4.5188538933871314e-05
3083,4.534372783382423e-05,4.5175263949204236e-05
3084,4.530959267867729e-05,4.5109743950888515e-05
3085,4.5263492211233824e-05,4.507050834945403e-05
3086,4.521351002040319e-05,4.502572483033873e-05
3087,4.516961780609563e-05,4.497988265939057e-05
3088,4.513455860433169e-05,4.496697511058301e-05
3089,4.5102962758392096e-05,4.490780702326447e-05
3090,4.5067648898111656e-05,4.4889296987093985e-05
3091,4.502615411183797e-05,4.482536678551696e-05
3092,4.498184352996759e-05,4.479536437429488e-05
3093,4.493995220400393e-05,4.475338209886104e-05
3094,4.4903234083903953e-05,4.471841748454608e-05
3095,4.4870408601127565e-05,4.46913400082849e-05
3096,4.4838161556981504e-05,4.4650900235865265e-05
3097,4.4804448407376185e-05,4.4619617256103083e-05
3098,4.4770109525416046e-05,4.458966213860549e-05
3099,4.473840817809105e-05,4.4554191845236346e-05
3100,4.471325155464001e-05,4.455756425159052e-05
3101,4.469824125408195e-05,4.4528569560498e-05
3102,4.469731720746495e-05,4.458488547243178e-05
3103,4.471713327802718e-05,4.4592772610485554e-05
3104,4.4770375097868964e-05,4.475749301491305e-05
3105,4.488048580242321e-05,4.490041101234965e-05
3106,4.5087454054737464e-05,4.535353946266696e-05
3107,4.546116542769596e-05,4.5917677198303863e-05
3108,4.611823896993883e-05,4.7195419028867036e-05
3109,4.727027771878056e-05,4.905082460027188e-05
3110,4.927073678118177e-05,5.278231037664227e-05
3111,5.278472599457018e-05,5.864807826583274e-05
3112,5.8884263125946745e-05,6.979062891332433e-05
3113,6.963113992242143e-05,8.778572373557836e-05
3114,8.799128409009427e-05,0.00012013951345579699
3115,0.0001196185767184943,0.00016990536823868752
3116,0.00016991220763884485,0.00024919919087551534
3117,0.00024798212689347565,0.0003466393973212689
3118,0.0003462125896476209,0.0004530065634753555
3119,0.0004512218583840877,0.0004968080902472138
3120,0.0004966006381437182,0.0004399287572596222
3121,0.00043946897494606674,0.00028961716452613473
3122,0.00029075241764076054,0.00015606090892106295
3123,0.0001569132145959884,0.00014370816643349826
3124,0.00014344191004056484,0.00019654157222248614
3125,0.0001962933747563511,0.0001988250733120367
3126,0.0001980327069759369,0.00013260147534310818
3127,0.0001330651721218601,0.00010475783346919343
3128,0.00010533088789088652,0.00013938560732640326
3129,0.00013899547047913074,0.00013863416097592562
3130,0.00013848151138518006,8.718745812075213e-05
3131,8.711477858014405e-05,7.291872316272929e-05
3132,7.31315158191137e-05,0.00011014761548722163
3133,0.00011041056859539822,0.00010973289317917079
3134,0.00010941101936623454,6.218169437488541e-05
3135,6.23717496637255e-05,6.01143910898827e-05
3136,6.047933493391611e-05,9.484532347414643e-05
3137,9.471806697547436e-05,8.217321737902239e-05
3138,8.241771865868941e-05,4.860487024416216e-05
3139,4.87362704006955e-05,6.0577363910852e-05
3140,6.0682606999762356e-05,8.068343595368788e-05
3141,8.097458339761943e-05,6.123453204054385e-05
3142,6.123529601609334e-05,4.525986150838435e-05
3143,4.553835970000364e-05,6.227563426364213e-05
3144,6.250842125155032e-05,6.685962580377236e-05
3145,6.689564906992018e-05,4.867704046773724e-05
3146,4.8973313823807985e-05,4.862873174715787e-05
3147,4.876354432781227e-05,6.029289579601027e-05
3148,6.0423310060286894e-05,5.371731458581053e-05
3149,5.3960393415763974e-05,4.5008418965153396e-05
3150,4.517905836110003e-05,5.167060953681357e-05
3151,5.1879906095564365e-05,5.4326970712281764e-05
3152,5.4509298934135586e-05,4.6353176003322005e-05
3153,4.65910998173058e-05,4.5956880057929084e-05
3154,4.61573145003058e-05,5.1145041652489454e-05
3155,5.1325783715583384e-05,4.832785270991735e-05
3156,4.856342638959177e-05,4.4471933506429195e-05
3157,4.4649499614024535e-05,4.726486804429442e-05
3158,4.751123196911067e-05,4.8268044338328764e-05
3159,4.845189687330276e-05,4.470284329727292e-05
3160,4.48966929980088e-05,4.4765332859242335e-05
3161,4.503791205934249e-05,4.722435915027745e-05
3162,4.735711991088465e-05,4.538114808383398e-05
3163,4.561821697279811e-05,4.344933040556498e-05
3164,4.3685831769835204e-05,4.520739094004966e-05
3165,4.536647611530498e-05,4.572116449708119e-05
3166,4.5988075726199895e-05,4.377705045044422e-05
3167,4.396641452331096e-05,4.347773938206956e-05
3168,4.369645830593072e-05,4.481962969293818e-05
3169,4.506477125687525e-05,4.4379929022397846e-05
3170,4.455071029951796e-05,4.30814761784859e-05
3171,4.33259156125132e-05,4.361556420917623e-05
3172,4.382364568300545e-05,4.417796299094334e-05
3173,4.437327879713848e-05,4.33409986726474e-05
3174,4.357210855232552e-05,4.2963634768966585e-05
3175,4.316372360335663e-05,4.349527443991974e-05
3176,4.371007889858447e-05,4.346493005868979e-05
3177,4.36710542999208e-05,4.285501199774444e-05
3178,4.306478513171896e-05,4.2877323721768335e-05
3179,4.308708230382763e-05,4.31727385148406e-05
3180,4.33809073001612e-05,4.290802462492138e-05
3181,4.3122185161337256e-05,4.262836228008382e-05
3182,4.28294442826882e-05,4.276442268746905e-05
3183,4.2985237087123096e-05,4.282430745661259e-05
3184,4.302227171137929e-05,4.252771759638563e-05
3185,4.273152808309533e-05,4.244051524437964e-05
3186,4.265466486685909e-05,4.262155562173575e-05
3187,4.280939174350351e-05,4.2507195757934824e-05
3188,4.272231672075577e-05,4.229107071296312e-05
3189,4.248850018484518e-05,4.2293653677916154e-05
3190,4.249203630024567e-05,4.237068060319871e-05
3191,4.258159970049746e-05,4.227653698762879e-05
3192,4.2465439037187025e-05,4.210758925182745e-05
3193,4.2314029997214675e-05,4.2137889977311715e-05
3194,4.233445361023769e-05,4.216184242977761e-05
3195,4.23581586801447e-05,4.204481956548989e-05
3196,4.224794247420505e-05,4.196229565422982e-05
3197,4.215807712171227e-05,4.196990266791545e-05
3198,4.217141031404026e-05,4.195742076262832e-05
3199,4.215395529172383e-05,4.186118530924432e-05
3200,4.206162702757865e-05,4.181135955150239e-05
3201,4.200599869363941e-05,4.180640826234594e-05
3202,4.2004492570413277e-05,4.1770199459278956e-05
3203,4.196689769742079e-05,4.17013798141852e-05
3204,4.189376704744063e-05,4.165528298472054e-05
3205,4.185652869637124e-05,4.1653453081380576e-05
3206,4.1842777136480436e-05,4.159734089625999e-05
3207,4.179534880677238e-05,4.153810368734412e-05
3208,4.1732935642357916e-05,4.151201210333966e-05
3209,4.170224201516248e-05,4.1483632230665535e-05
3210,4.1683262679725885e-05,4.144879130763002e-05
3211,4.163758785580285e-05,4.1386363591300324e-05
3212,4.158307638135739e-05,4.135687413509004e-05
3213,4.155051283305511e-05,4.133421680307947e-05
3214,4.152493420406245e-05,4.128705040784553e-05
3215,4.1482591768726707e-05,4.124636325286701e-05
3216,4.1435785533394665e-05,4.120936500839889e-05
3217,4.140248347539455e-05,4.118158176424913e-05
3218,4.1372415580553934e-05,4.114071998628788e-05
3219,4.1332048567710444e-05,4.109890141990036e-05
3220,4.128984801354818e-05,4.1064806282520294e-05
3221,4.125603300053626e-05,4.103302489966154e-05
3222,4.122352402191609e-05,4.099467696505599e-05
3223,4.118456854484975e-05,4.095368058187887e-05
3224,4.1145176510326564e-05,4.092333256267011e-05
3225,4.111145608476363e-05,4.088610876351595e-05
3226,4.107812128495425e-05,4.08516098104883e-05
3227,4.104004256078042e-05,4.081133738509379e-05
3228,4.100158184883185e-05,4.0777274989522994e-05
3229,4.096735210623592e-05,4.0746039303485304e-05
3230,4.0934097341960296e-05,4.0707236621528864e-05
3231,4.089766298420727e-05,4.067269401275553e-05
3232,4.08603300456889e-05,4.0636034100316465e-05
3233,4.082550367456861e-05,4.060361970914528e-05
3234,4.0791746869217604e-05,4.0567410906078294e-05
3235,4.075626566191204e-05,4.053194425068796e-05
3236,4.071997318533249e-05,4.0496408473700285e-05
3237,4.068506677867845e-05,4.046325557283126e-05
3238,4.0651058952789754e-05,4.042822547489777e-05
3239,4.061612344230525e-05,4.03922276746016e-05
3240,4.0580569475423545e-05,4.035894016851671e-05
3241,4.054584132973105e-05,4.032307333545759e-05
3242,4.051182986586355e-05,4.029057527077384e-05
3243,4.0477305446984246e-05,4.0254122723126784e-05
3244,4.0442180761601776e-05,4.022008943138644e-05
3245,4.040749990963377e-05,4.0186674596043304e-05
3246,4.037353573949076e-05,4.015158992842771e-05
3247,4.03394406021107e-05,4.011845157947391e-05
3248,4.03048652515281e-05,4.008280302514322e-05
3249,4.0270409954246134e-05,4.004977745353244e-05
3250,4.023641304229386e-05,4.0015325794229284e-05
3251,4.02025252697058e-05,3.998170723207295e-05
3252,4.016839011455886e-05,3.9947051845956594e-05
3253,4.0134196751751006e-05,3.991383346146904e-05
3254,4.010029078926891e-05,3.9879389078123495e-05
3255,4.0066563087748364e-05,3.984627255704254e-05
3256,4.003271533292718e-05,3.9811864553485066e-05
3257,3.999879481852986e-05,3.977835876867175e-05
3258,3.996503073722124e-05,3.974494757130742e-05
3259,3.993148129666224e-05,3.971113983425312e-05
3260,3.9897913666209206e-05,3.967790325987153e-05
3261,3.986426236224361e-05,3.964407369494438e-05
3262,3.983067290391773e-05,3.9610808016732335e-05
3263,3.9797243516659364e-05,3.957747685490176e-05
3264,3.976390144089237e-05,3.954403291572817e-05
3265,3.973054117523134e-05,3.951087637688033e-05
3266,3.969721365137957e-05,3.947743243770674e-05
3267,3.966398071497679e-05,3.944479249184951e-05
3268,3.9630896935705096e-05,3.9411137549905106e-05
3269,3.959790774388239e-05,3.937946894438937e-05
3270,3.956504588131793e-05,3.934508640668355e-05
3271,3.9532453229185194e-05,3.931557876057923e-05
3272,3.950031168642454e-05,3.9280570490518585e-05
3273,3.9468854083679616e-05,3.925494820578024e-05
3274,3.9438484236598015e-05,3.9220391045091674e-05
3275,3.941009708796628e-05,3.92036308767274e-05
3276,3.9385231502819806e-05,3.9174305129563436e-05
3277,3.936666325898841e-05,3.918129004887305e-05
3278,3.935939821531065e-05,3.917523645213805e-05
3279,3.937288420274854e-05,3.9253027352970093e-05
3280,3.942480543628335e-05,3.9340189687209204e-05
3281,3.954847852583043e-05,3.964702409575693e-05
3282,3.980773180956021e-05,4.009378608316183e-05
3283,4.032428842037916e-05,4.119292862014845e-05
3284,4.1335762944072485e-05,4.3017374991904944e-05
3285,4.329791045165621e-05,4.699073906522244e-05
3286,4.711118890554644e-05,5.4073334467830136e-05
3287,5.447725925478153e-05,6.858869892312214e-05
3288,6.871160439914092e-05,9.479559230385348e-05
3289,9.552848496241495e-05,0.00014434919285122305
3290,0.00014463036495726556,0.00022417702712118626
3291,0.0002257435698993504,0.00033895840169861913
3292,0.0003397713880985975,0.0004360789025668055
3293,0.00043878849828615785,0.00042836458305828273
3294,0.0004291101940907538,0.00025457097217440605
3295,0.0002561663568485528,7.226079469546676e-05
3296,7.197241939138621e-05,7.320525037357584e-05
3297,7.355192065006122e-05,0.00019098019402008504
3298,0.00019230149337090552,0.00019682162383105606
3299,0.000197181710973382,7.736203406238928e-05
3300,7.801199535606429e-05,5.4603318858426064e-05
3301,5.491870251717046e-05,0.00013425761426333338
3302,0.0001346186181763187,0.00011851830640807748
3303,0.0001194841752294451,4.639245889848098e-05
3304,4.643866850528866e-05,7.177475345088169e-05
3305,7.20555690350011e-05,0.00010767833737190813
3306,0.00010855338769033551,6.116809527156875e-05
3307,6.129111716290936e-05,4.669693225878291e-05
3308,4.692314541898668e-05,8.432893082499504e-05
3309,8.503308345098048e-05,6.734517228323966e-05
3310,6.750831380486488e-05,4.086223998456262e-05
3311,4.108327266294509e-05,6.597977335331962e-05
3312,6.651887088082731e-05,6.61085286992602e-05
3313,6.631087308051065e-05,4.124257975490764e-05
3314,4.148176230955869e-05,5.4040989198256284e-05
3315,5.4475538490805775e-05,6.125993968453258e-05
3316,6.144429062260315e-05,4.247138349455781e-05
3317,4.2714105802588165e-05,4.724363679997623e-05
3318,4.762006938108243e-05,5.6000637414399534e-05
3319,5.615691407001577e-05,4.3115145672345534e-05
3320,4.3374082451919094e-05,4.327808346715756e-05
3321,4.361689570941962e-05,5.1370589062571526e-05
3322,5.15001556777861e-05,4.3283365812385455e-05
3323,4.35514266428072e-05,4.106987398699857e-05
3324,4.136493953410536e-05,4.768829239765182e-05
3325,4.7775127313798293e-05,4.30480795330368e-05
3326,4.332610114943236e-05,3.981229747296311e-05
3327,4.007236930192448e-05,4.4818159949500114e-05
3328,4.490932042244822e-05,4.2690538975875825e-05
3329,4.299009742680937e-05,3.914406261174008e-05
3330,3.9378413930535316e-05,4.2516825487837195e-05
3331,4.2620798922143877e-05,4.226595410727896e-05
3332,4.2569252400426194e-05,3.898123395629227e-05
3333,3.917653521057218e-05,4.068225098308176e-05
3334,4.0803268348099664e-05,4.163574703852646e-05
3335,4.193751738057472e-05,3.915936395060271e-05
3336,3.9328355342149734e-05,3.937918154406361e-05
3337,3.95369715988636e-05,4.079131394973956e-05
3338,4.1081482777372e-05,3.9415041101165116e-05
3339,3.955839201807976e-05,3.8638332625851035e-05
3340,3.882106102537364e-05,3.9861050026956946e-05
3341,4.011878263554536e-05,3.9514838135801256e-05
3342,3.9643880882067606e-05,3.837830081465654e-05
3343,3.85832718166057e-05,3.904888581018895e-05
3344,3.9274527807720006e-05,3.9328217098955065e-05
3345,3.946769720641896e-05,3.834877134067938e-05
3346,3.856611147057265e-05,3.848457708954811e-05
3347,3.868091880576685e-05,3.8977337680989876e-05
3348,3.9129197830334306e-05,3.838019256363623e-05
3349,3.859480420942418e-05,3.815256786765531e-05
3350,3.832824222627096e-05,3.855648174067028e-05
3351,3.872167144436389e-05,3.835467214230448e-05
3352,3.8562015106435865e-05,3.799276237259619e-05
3353,3.81584650313016e-05,3.816804746747948e-05
3354,3.834043673123233e-05,3.824530722340569e-05
3355,3.844055027002469e-05,3.793879659497179e-05
3356,3.810045018326491e-05,3.786314482567832e-05
3357,3.8038862840039656e-05,3.803489016718231e-05
3358,3.82211510441266e-05,3.79064331355039e-05
3359,3.8071801100159064e-05,3.76906173187308e-05
3360,3.786775778280571e-05,3.778261088882573e-05
3361,3.796241071540862e-05,3.781877239816822e-05
3362,3.7983860238455236e-05,3.7620375223923475e-05
3363,3.779383405344561e-05,3.757333615794778e-05
3364,3.7747890019090846e-05,3.7658963265130296e-05
3365,3.78210716007743e-05,3.756254227482714e-05
3366,3.7736783269792795e-05,3.744436617125757e-05
3367,3.761674088309519e-05,3.747650043806061e-05
3368,3.763730273931287e-05,3.746260699699633e-05
3369,3.763857239391655e-05,3.7370056816143915e-05
3370,3.753591590793803e-05,3.732645564014092e-05
3371,3.748584640561603e-05,3.732872937689535e-05
3372,3.7502566556213424e-05,3.729749732883647e-05
3373,3.745620051631704e-05,3.7216210330370814e-05
3374,3.737825318239629e-05,3.719187589013018e-05
3375,3.73626608052291e-05,3.719887536135502e-05
3376,3.7353944208007306e-05,3.712713441927917e-05
3377,3.7293102650437504e-05,3.7077719753142446e-05
3378,3.724288762896322e-05,3.707935684360564e-05
3379,3.723314148373902e-05,3.7036403227830306e-05
3380,3.7204423279035836e-05,3.698970249388367e-05
3381,3.7148234696360305e-05,3.6958597775083035e-05
3382,3.711511817527935e-05,3.693257531267591e-05
3383,3.709954398800619e-05,3.6907797039020807e-05
3384,3.706156712723896e-05,3.68539804185275e-05
3385,3.701460445881821e-05,3.68259716196917e-05
3386,3.6988094507250935e-05,3.681214730022475e-05
3387,3.6965251638321206e-05,3.6762681702384725e-05
3388,3.692573227453977e-05,3.6729281418956816e-05
3389,3.688671495183371e-05,3.6705314414575696e-05
3390,3.686120908241719e-05,3.667103737825528e-05
3391,3.683329123305157e-05,3.664068935904652e-05
3392,3.6795343476114795e-05,3.660303627839312e-05
3393,3.676120104501024e-05,3.657553679659031e-05
3394,3.673468017950654e-05,3.654996908153407e-05
3395,3.6704201193060726e-05,3.650919097708538e-05
3396,3.666847987915389e-05,3.648043639259413e-05
3397,3.6636953154811636e-05,3.6453486245591193e-05
3398,3.660921720438637e-05,3.641928196884692e-05
3399,3.6577846913132817e-05,3.638903217506595e-05
3400,3.654400279629044e-05,3.6357152566779405e-05
3401,3.6513640225166455e-05,3.632859079516493e-05
3402,3.648510391940363e-05,3.62989776476752e-05
3403,3.645371543825604e-05,3.62649661838077e-05
3404,3.6421199183678254e-05,3.623584416345693e-05
3405,3.639123315224424e-05,3.620736242737621e-05
3406,3.6362267564982176e-05,3.617571201175451e-05
3407,3.633128653746098e-05,3.614492015913129e-05
3408,3.62996943295002e-05,3.611539432313293e-05
3409,3.6269877455197275e-05,3.608574843383394e-05
3410,3.624068631324917e-05,3.605601887102239e-05
3411,3.62101782229729e-05,3.602521974244155e-05
3412,3.617930269683711e-05,3.5995053622173145e-05
3413,3.6149551306152716e-05,3.596688839024864e-05
3414,3.6120283766649663e-05,3.593639121390879e-05
3415,3.6090197681915015e-05,3.5906166885979474e-05
3416,3.605984238674864e-05,3.587767787394114e-05
3417,3.6030218325322494e-05,3.5847297112923115e-05
3418,3.600094350986183e-05,3.581880446290597e-05
3419,3.5971210309071466e-05,3.578879841370508e-05
3420,3.5941277019446716e-05,3.575887603801675e-05
3421,3.591179847717285e-05,3.5731151001527905e-05
3422,3.588261824916117e-05,3.57007265847642e-05
3423,3.585317972465418e-05,3.567200474208221e-05
3424,3.582355930120684e-05,3.5643101000459865e-05
3425,3.579425538191572e-05,3.5613378713605925e-05
3426,3.576517337933183e-05,3.558555545168929e-05
3427,3.573601497919299e-05,3.555562943802215e-05
3428,3.570668923202902e-05,3.552691487129778e-05
3429,3.567753083189018e-05,3.5498709621606395e-05
3430,3.564859798643738e-05,3.546913285390474e-05
3431,3.561966150300577e-05,3.5441244108369574e-05
3432,3.559061951818876e-05,3.5411921999184415e-05
3433,3.5561643016990274e-05,3.538341115927324e-05
3434,3.5532833862816915e-05,3.535525320330635e-05
3435,3.5504086554283276e-05,3.5326145734870806e-05
3436,3.5475306503940374e-05,3.529809328028932e-05
3437,3.544652645359747e-05,3.5269469663035125e-05
3438,3.541787009453401e-05,3.524101339280605e-05
3439,3.5389293771004304e-05,3.5213040973758325e-05
3440,3.536072472343221e-05,3.518427547533065e-05
3441,3.533216658979654e-05,3.51563940057531e-05
3442,3.530367757775821e-05,3.5127977753290907e-05
3443,3.527526496327482e-05,3.50999653164763e-05
3444,3.5246903280494735e-05,3.5071825550403446e-05
3445,3.521855978760868e-05,3.504386040731333e-05
3446,3.51902526745107e-05,3.501571336528286e-05
3447,3.516203287290409e-05,3.498807200230658e-05
3448,3.5133871278958395e-05,3.4959870390594006e-05
3449,3.5105775168631226e-05,3.493245458230376e-05
3450,3.5077729990007356e-05,3.490434755804017e-05
3451,3.504980486468412e-05,3.487729554763064e-05
3452,3.502202525851317e-05,3.484933768049814e-05
3453,3.499442755128257e-05,3.482306419755332e-05
3454,3.496709177852608e-05,3.4795288229361176e-05
3455,3.494018528726883e-05,3.4770771890180185e-05
3456,3.491394818411209e-05,3.4743989090202376e-05
3457,3.488881338853389e-05,3.472324169706553e-05
3458,3.486547211650759e-05,3.470028968877159e-05
3459,3.484519766061567e-05,3.4689088352024555e-05
3460,3.4830129152396694e-05,3.467866554274224e-05
3461,3.48241301253438e-05,3.469461444183253e-05
3462,3.483389809844084e-05,3.472454773145728e-05
3463,3.4871605748776346e-05,3.48223875334952e-05
3464,3.4958931792061776e-05,3.498514706734568e-05
3465,3.513580304570496e-05,3.534185088938102e-05
3466,3.5474302421789616e-05,3.595175076043233e-05
3467,3.611010833992623e-05,3.716242281370796e-05
3468,3.7289362808223814e-05,3.9309841668000445e-05
3469,3.948566154576838e-05,4.3428481149021536e-05
3470,4.355069177108817e-05,5.0937502237502486e-05
3471,5.1156472181901336e-05,6.504360499093309e-05
3472,6.517433212138712e-05,9.089786180993542e-05
3473,9.123353083850816e-05,0.00013722825678996742
3474,0.00013742859300691634,0.0002172801032429561
3475,0.00021794092026539147,0.00033764936961233616
3476,0.00033809265005402267,0.0004917792975902557
3477,0.0004931649891659617,0.0005868019652552903
3478,0.0005875771166756749,0.0005268327076919377
3479,0.0005285650840960443,0.00026730692479759455
3480,0.00026774368598125875,5.684790448867716e-05
3481,5.7197376008844e-05,9.17071447474882e-05
3482,9.210167627315968e-05,0.00024327712890226394
3483,0.0002433243062114343,0.00024279829813167453
3484,0.00024364095588680357,9.215991303790361e-05
3485,9.239841892849654e-05,5.118976696394384e-05
3486,5.112476719659753e-05,0.00014691245451103896
3487,0.00014722956984769553,0.00015805181465111673
3488,0.0001579090894665569,6.134503928478807e-05
3489,6.166585080791265e-05,4.999922020942904e-05
3490,5.0170074246125296e-05,0.00011709095997503027
3491,0.00011695147986756638,9.7701333288569e-05
3492,9.804906585486606e-05,3.968349119531922e-05
3493,3.970440957346e-05,6.535805005114526e-05
3494,6.548277451656759e-05,9.206849063048139e-05
3495,9.23530024010688e-05,5.188879367779009e-05
3496,5.191651507630013e-05,4.2351832234999165e-05
3497,4.2569190554786474e-05,7.325835758820176e-05
3498,7.353609544225037e-05,5.9438061725813895e-05
3499,5.9598150983219966e-05,3.6655379517469555e-05
3500,3.681246016640216e-05,5.5154778237920254e-05
3501,5.545393287320621e-05,5.935558510827832e-05
3502,5.949735714239068e-05,3.8053851312724873e-05
3503,3.825215026154183e-05,4.286285911803134e-05
3504,4.308628922444768e-05,5.460498505271971e-05
3505,5.472327029565349e-05,4.164330312050879e-05
3506,4.192355117993429e-05,3.743547495105304e-05
3507,3.7582249206025153e-05,4.7885991079965606e-05
3508,4.8049598262878135e-05,4.277921834727749e-05
3509,4.3015348637709394e-05,3.541429396136664e-05
3510,3.558216121746227e-05,4.253596853232011e-05
3511,4.27157137892209e-05,4.310072472435422e-05
3512,4.328318027546629e-05,3.5600543924374506e-05
3513,3.581020428100601e-05,3.823332008323632e-05
3514,3.8393194699892774e-05,4.154484850005247e-05
3515,4.1758190491236746e-05,3.652557643363252e-05
3516,3.670098158181645e-05,3.5825632949126884e-05
3517,3.5991037293570116e-05,3.9433143683709204e-05
3518,3.965868381783366e-05,3.721405300893821e-05
3519,3.7368619814515114e-05,3.4825112379621714e-05
3520,3.501962055452168e-05,3.7402842281153426e-05
3521,3.76098214474041e-05,3.732395271072164e-05
3522,3.75082490791101e-05,3.468446448096074e-05
3523,3.487692811177112e-05,3.561776611604728e-05
3524,3.5819415643345565e-05,3.680350710055791e-05
3525,3.6977988202124834e-05,3.50455884472467e-05
3526,3.523212581058033e-05,3.4688713640207425e-05
3527,3.487872163532302e-05,3.600471973186359e-05
3528,3.6156932765152305e-05,3.5270320950075984e-05
3529,3.546191510395147e-05,3.42786152032204e-05
3530,3.4441771276760846e-05,3.5055029002251104e-05
3531,3.521861435729079e-05,3.525031570461579e-05
3532,3.542429840308614e-05,3.430130527704023e-05
3533,3.44601648976095e-05,3.434973405092023e-05
3534,3.451576048973948e-05,3.4904005588032305e-05
3535,3.506956636556424e-05,3.4429813240421936e-05
3536,3.459444269537926e-05,3.4031865652650595e-05
3537,3.4185275580966845e-05,3.4404958569211885e-05
3538,3.4577587939566e-05,3.44224063155707e-05
3539,3.456842023297213e-05,3.392700818949379e-05
3540,3.408412158023566e-05,3.398031913093291e-05
3541,3.41357481374871e-05,3.4237473300891e-05
3542,3.437720442889258e-05,3.3965043257921934e-05
3543,3.412296064198017e-05,3.37672681780532e-05
3544,3.390638448763639e-05,3.3928405173355713e-05
3545,3.40754741046112e-05,3.393079896341078e-05
3546,3.407377516850829e-05,3.36832927132491e-05
3547,3.382492286618799e-05,3.366828241269104e-05
3548,3.380614725756459e-05,3.377261236892082e-05
3549,3.391332211322151e-05,3.3658307074801996e-05
3550,3.3794720366131514e-05,3.351321356603876e-05
3551,3.3649339457042515e-05,3.355947046657093e-05
3552,3.369959813426249e-05,3.358563844813034e-05
3553,3.371730781509541e-05,3.3452259231125936e-05
3554,3.3589760278118774e-05,3.339915201650001e-05
3555,3.3530777727719396e-05,3.3438111131545156e-05
3556,3.356998058734462e-05,3.3398460800526664e-05
3557,3.3527627238072455e-05,3.329773244331591e-05
3558,3.342822310514748e-05,3.328684397274628e-05
3559,3.341133560752496e-05,3.329336323076859e-05
3560,3.3423049899283797e-05,3.3238906326005235e-05
3561,3.336292502353899e-05,3.317245136713609e-05
3562,3.329659375594929e-05,3.316466973046772e-05
3563,3.32905474351719e-05,3.31587580149062e-05
3564,3.32785421051085e-05,3.309626117697917e-05
3565,3.322057091281749e-05,3.305786958662793e-05
3566,3.3177326258737594e-05,3.30486727762036e-05
3567,3.316931542940438e-05,3.3025589800672606e-05
3568,3.314360947115347e-05,3.2973177439998835e-05
3569,3.309241583338007e-05,3.2945732527878135e-05
3570,3.305983045720495e-05,3.292787732789293e-05
3571,3.304592246422544e-05,3.2902979000937194e-05
3572,3.30152761307545e-05,3.285766433691606e-05
3573,3.297226066933945e-05,3.283137266407721e-05
3574,3.294466296210885e-05,3.2814226869959384e-05
3575,3.292578912805766e-05,3.2781314075691625e-05
3576,3.289396772743203e-05,3.2745676435297355e-05
3577,3.285675120423548e-05,3.2721094612497836e-05
3578,3.283097976236604e-05,3.2698491850169376e-05
3579,3.2809373806230724e-05,3.267021384090185e-05
3580,3.277864743722603e-05,3.263672624598257e-05
3581,3.27453926729504e-05,3.2611165806883946e-05
3582,3.271983587183058e-05,3.2590225600870326e-05
3583,3.2696327252779156e-05,3.255877163610421e-05
3584,3.2666870538378134e-05,3.2531221222598106e-05
3585,3.263620237703435e-05,3.2504340197192505e-05
3586,3.261070014559664e-05,3.2482112146681175e-05
3587,3.258644574088976e-05,3.2453004678245634e-05
3588,3.255830961279571e-05,3.242638194933534e-05
3589,3.252931492170319e-05,3.2398540497524664e-05
3590,3.250367444707081e-05,3.2377811294281855e-05
3591,3.247909262427129e-05,3.234763062209822e-05
3592,3.245216794312e-05,3.232440576539375e-05
3593,3.242455204599537e-05,3.229569483664818e-05
3594,3.239919897168875e-05,3.2275911507895216e-05
3595,3.2374908187193796e-05,3.224622196285054e-05
3596,3.2349355024052784e-05,3.2226329494733363e-05
3597,3.232339440728538e-05,3.2195515814237297e-05
3598,3.229913272662088e-05,3.2181957067223266e-05
3599,3.22764681186527e-05,3.214966272935271e-05
3600,3.225402906537056e-05,3.214084426872432e-05
3601,3.2232521334663033e-05,3.21084116876591e-05
3602,3.221407314413227e-05,3.211214061593637e-05
3603,3.2200106943491846e-05,3.2083138648886234e-05
3604,3.219175778212957e-05,3.210992508684285e-05
3605,3.219212158001028e-05,3.2093619665829465e-05
3606,3.220774669898674e-05,3.217501944163814e-05
3607,3.2248099159915e-05,3.220504368073307e-05
3608,3.2328101951861754e-05,3.241404556320049e-05
3609,3.2472580642206594e-05,3.2588326575933024e-05
3610,3.272576941526495e-05,3.312494300189428e-05
3611,3.3158863516291603e-05,3.373678555362858e-05
3612,3.389763878658414e-05,3.5150431358488277e-05
3613,3.514031777740456e-05,3.704716800712049e-05
3614,3.724413545569405e-05,4.081885708728805e-05
3615,4.0727438317844644e-05,4.625186920748092e-05
3616,4.649673792300746e-05,5.576621333602816e-05
3617,5.5524080380564556e-05,6.891777593409643e-05
3618,6.920429586898535e-05,8.736675954423845e-05
3619,8.687355148140341e-05,0.00010601980466162786
3620,0.00010630028555169702,0.0001176456207758747
3621,0.0001169098904938437,0.00011027154687326401
3622,0.00011051796172978356,8.326242823386565e-05
3623,8.27087351353839e-05,5.07665827171877e-05
3624,5.100219277665019e-05,3.518502853694372e-05
3625,3.521055623423308e-05,4.12902700190898e-05
3626,4.125038685742766e-05,5.59980544494465e-05
3627,5.6263073929585516e-05,6.31202055956237e-05
3628,6.272050086408854e-05,5.5351956689264625e-05
3629,5.559665441978723e-05,4.3278974771965295e-05
3630,4.311547309043817e-05,3.7031037209089845e-05
3631,3.718259176821448e-05,3.9636302972212434e-05
3632,3.9827202272135764e-05,4.458743569557555e-05
3633,4.441446435521357e-05,4.476362664718181e-05
3634,4.500596332945861e-05,4.146455830777995e-05
3635,4.1301289456896484e-05,3.706220741150901e-05
3636,3.726390787051059e-05,3.5572473279898986e-05
3637,3.568248575902544e-05,3.6637840821640566e-05
3638,3.6607369111152366e-05,3.806130916927941e-05
3639,3.827693217317574e-05,3.872500383295119e-05
3640,3.861596997012384e-05,3.6669338442152366e-05
3641,3.688496144604869e-05,3.414660750422627e-05
3642,3.419857966946438e-05,3.27779162034858e-05
3643,3.2833941077115014e-05,3.3650590921752155e-05
3644,3.3823365811258554e-05,3.570326589397155e-05
3645,3.5659239074448124e-05,3.5760462196776643e-05
3646,3.596689930418506e-05,3.416611434658989e-05
3647,3.4188353311037645e-05,3.205472239642404e-05
3648,3.2163530704565346e-05,3.1698611564934254e-05
3649,3.181599822710268e-05,3.2995907531585544e-05
3650,3.300100070191547e-05,3.380011548870243e-05
3651,3.39730286214035e-05,3.354077853146009e-05
3652,3.355008448124863e-05,3.215589458704926e-05
3653,3.229335925425403e-05,3.1446903449250385e-05
3654,3.152330464217812e-05,3.1716412195237353e-05
3655,3.1773914088262245e-05,3.228848072467372e-05
3656,3.242499224143103e-05,3.2602900319034234e-05
3657,3.261737947468646e-05,3.202728112228215e-05
3658,3.2165658922167495e-05,3.149454278172925e-05
3659,3.153623765683733e-05,3.115245999651961e-05
3660,3.124565409962088e-05,3.1288440368371084e-05
3661,3.138731335639022e-05,3.164322333759628e-05
3662,3.168320108670741e-05,3.1686100555816665e-05
3663,3.181083229719661e-05,3.1623920222045854e-05
3664,3.1650339224142954e-05,3.121603003819473e-05
3665,3.132496203761548e-05,3.099553578067571e-05
3666,3.1057472369866446e-05,3.092879705945961e-05
3667,3.09974275296554e-05,3.101710899500176e-05
3668,3.111767000518739e-05,3.121995905530639e-05
3669,3.12553092953749e-05,3.114885475952178e-05
3670,3.1258656235877424e-05,3.107066004304215e-05
3671,3.110993930022232e-05,3.0832499760435894e-05
3672,3.0923012673156336e-05,3.07533991872333e-05
3673,3.0824354325886816e-05,3.078352165175602e-05
3674,3.0843493732390925e-05,3.0810919270152226e-05
3675,3.090757309109904e-05,3.088414086960256e-05
3676,3.09257120534312e-05,3.076986104133539e-05
3677,3.0868399335304275e-05,3.0724397220183164e-05
3678,3.077285145991482e-05,3.061187089770101e-05
3679,3.069360900553875e-05,3.0585557396989316e-05
3680,3.065614146180451e-05,3.059066875721328e-05
3681,3.0651593988295645e-05,3.057004141737707e-05
3682,3.0657534807687625e-05,3.060652670683339e-05
3683,3.0656185117550194e-05,3.0548682843800634e-05
3684,3.063812619075179e-05,3.054716216865927e-05
3685,3.0600273021264e-05,3.04680743283825e-05
3686,3.054775152122602e-05,3.0429355319938622e-05
3687,3.04946988762822e-05,3.0391303880605847e-05
3688,3.045784069399815e-05,3.0367797080543824e-05
3689,3.044428740395233e-05,3.0387809601961635e-05
3690,3.0445204174611717e-05,3.0361599783645943e-05
3691,3.0442412025877275e-05,3.0367202271008864e-05
3692,3.0422615964198485e-05,3.0308496206998825e-05
3693,3.0386609068955295e-05,3.0286637411336415e-05
3694,3.034621295228135e-05,3.0242188586271368e-05
3695,3.0313600291265175e-05,3.0226290618884377e-05
3696,3.0292707378976047e-05,3.0214936487027444e-05
3697,3.027900129382033e-05,3.0193459679139778e-05
3698,3.0265460736700334e-05,3.0189421522663906e-05
3699,3.024812576768454e-05,3.0153076295391656e-05
3700,3.0227183742681518e-05,3.0147228244459257e-05
3701,3.0204406357370317e-05,3.0108192731859162e-05
3702,3.0180806788848713e-05,3.009693136846181e-05
3703,3.0156395951053128e-05,3.0062887162785046e-05
3704,3.013136301888153e-05,3.004343125212472e-05
3705,3.0107019483693875e-05,3.002165431098547e-05
3706,3.008504063473083e-05,2.999884782184381e-05
3707,3.0066099498071708e-05,2.998982927238103e-05
3708,3.0049241104279645e-05,2.9963324777781963e-05
3709,3.003247911692597e-05,2.9956465368741192e-05
3710,3.001422192028258e-05,2.9925025955890305e-05
3711,2.9993998396093957e-05,2.9914273909525946e-05
3712,2.997241244884208e-05,2.9883402021368966e-05
3713,2.995053364429623e-05,2.986949220940005e-05
3714,2.992906593135558e-05,2.9843577067367733e-05
3715,2.9908193027949892e-05,2.9826655008946545e-05
3716,2.988785126945004e-05,2.9805611120536923e-05
3717,2.986787148984149e-05,2.9785780498059466e-05
3718,2.984831007779576e-05,2.976888936245814e-05
3719,2.982919068017509e-05,2.9747076041530818e-05
3720,2.9810464184265584e-05,2.9733266273979098e-05
3721,2.9791972337989137e-05,2.970965942949988e-05
3722,2.97735368803842e-05,2.9697597710764967e-05
3723,2.9755075956927612e-05,2.9672448363271542e-05
3724,2.9736580472672358e-05,2.966152533190325e-05
3725,2.9718166842940263e-05,2.9635904866154306e-05
3726,2.9699973310925998e-05,2.9625984097947367e-05
3727,2.9682116291951388e-05,2.9601185815408826e-05
3728,2.9664804969797842e-05,2.959243647637777e-05
3729,2.9648319468833506e-05,2.9570159313152544e-05
3730,2.9633107260451652e-05,2.9564056603703648e-05
3731,2.9619863198604435e-05,2.954719639092218e-05
3732,2.9609533157781698e-05,2.954786759801209e-05
3733,2.9603523216792382e-05,2.954210140160285e-05
3734,2.9604028895846568e-05,2.955929630843457e-05
3735,2.9614424420287833e-05,2.9578348403447308e-05
3736,2.9640172215295024e-05,2.9635690225404687e-05
3737,2.968978697026614e-05,2.971507092297543e-05
3738,2.9777196687064134e-05,2.9871634978917427e-05
3739,2.9924165573902428e-05,3.010414366144687e-05
3740,3.016698065039236e-05,3.0512164812535048e-05
3741,3.056235073017888e-05,3.11431685986463e-05
3742,3.1207004212774336e-05,3.2202937291003764e-05
3743,3.2249430660158396e-05,3.388259938219562e-05
3744,3.394731902517378e-05,3.663568713818677e-05
3745,3.667586497613229e-05,4.1019411582965404e-05
3746,4.10834290960338e-05,4.794789492734708e-05
3747,4.79762238683179e-05,5.859003067598678e-05
3748,5.864682316314429e-05,7.384175842162222e-05
3749,7.384734635706991e-05,9.412745566805825e-05
3750,9.415786917088553e-05,0.00011548920156201348
3751,0.00011545942106749862,0.00013135329936631024
3752,0.00013132057210896164,0.00012805152800865471
3753,0.00012800934200640768,0.00010314209794159979
3754,0.00010301950533175841,6.663207022938877e-05
3755,6.66951818857342e-05,4.4952768803341314e-05
3756,4.475250898394734e-05,5.2305913413874805e-05
3757,5.2600662456825376e-05,8.344002708327025e-05
3758,8.313738362630829e-05,0.00011529580660862848
3759,0.00011578261910472065,0.00013648212188854814
3760,0.0001359359739581123,0.0001477225887356326
3761,0.00014817077317275107,0.0001679272681940347
3762,0.0001669564371695742,0.00019625743152573705
3763,0.00019643595442175865,0.0002057566453004256
3764,0.00020458875223994255,0.00017016869969666004
3765,0.00017027698049787432,9.579897596267983e-05
3766,9.531145042274147e-05,3.75124036509078e-05
3767,3.76455755031202e-05,3.779511825996451e-05
3768,3.796974851866253e-05,7.913975423434749e-05
3769,7.870836998336017e-05,0.0001042184594552964
3770,0.00010443697829032317,8.260091999545693e-05
3771,8.219772280426696e-05,4.208614700473845e-05
3772,4.227755925967358e-05,3.118317181360908e-05
3773,3.1314008083427325e-05,5.3690546337747946e-05
3774,5.345456156646833e-05,6.971816037548706e-05
3775,6.996648153290153e-05,5.6333588872803375e-05
3776,5.6138724175980315e-05,3.3956061088247225e-05
3777,3.408466000109911e-05,3.298065348644741e-05
3778,3.3140811865450814e-05,4.789352533407509e-05
3779,4.769482620758936e-05,5.139688801136799e-05
3780,5.16198888362851e-05,3.958132219850086e-05
3781,3.95369715988636e-05,3.108623786829412e-05
3782,3.111693877144717e-05,3.6071385693503544e-05
3783,3.626210673246533e-05,4.262318179826252e-05
3784,4.2463874706299976e-05,3.858028139802627e-05
3785,3.876316259265877e-05,3.189545532222837e-05
3786,3.195218232576735e-05,3.244100298616104e-05
3787,3.240624209865928e-05,3.664667747216299e-05
3788,3.68429500667844e-05,3.639604983618483e-05
3789,3.630440915003419e-05,3.158922118018381e-05
3790,3.1699586543254554e-05,3.034525980183389e-05
3791,3.0438173780567013e-05,3.3500607969472185e-05
3792,3.3427280868636444e-05,3.445557376835495e-05
3793,3.4623728424776345e-05,3.179838677169755e-05
3794,3.177051985403523e-05,2.9382066713878885e-05
3795,2.9443826861097477e-05,3.06292567984201e-05
3796,3.074716732953675e-05,3.279955853940919e-05
3797,3.27434427163098e-05,3.181717329425737e-05
3798,3.195464887539856e-05,2.9675435143872164e-05
3799,2.9689912480534986e-05,2.9232567612780258e-05
3800,2.926032175309956e-05,3.058332731598057e-05
3801,3.0697090551257133e-05,3.137454768875614e-05
3802,3.133975405944511e-05,3.0129771403153427e-05
3803,3.023227327503264e-05,2.908046735683456e-05
3804,2.9118729798938148e-05,2.937271710834466e-05
3805,2.9386426831479184e-05,3.0079447242314927e-05
3806,3.0180519388522953e-05,3.0135150154819712e-05
3807,3.012189336004667e-05,2.929663605755195e-05
3808,2.9370374249992892e-05,2.898128514061682e-05
3809,2.9027081836829893e-05,2.935907650680747e-05
3810,2.9366401577135548e-05,2.9554832508438267e-05
3811,2.9637551051564515e-05,2.9355749575188383e-05
3812,2.935549127869308e-05,2.888458220695611e-05
3813,2.8938200557604432e-05,2.8881204343633726e-05
3814,2.8927321181981824e-05,2.9188438929850236e-05
3815,2.9197159165050834e-05,2.9179529519751668e-05
3816,2.9248762075440027e-05,2.895604120567441e-05
3817,2.8966864192625508e-05,2.8674328859779052e-05
3818,2.871762990253046e-05,2.8727230528602377e-05
3819,2.8770393328159116e-05,2.8945491067133844e-05
3820,2.8955391826457344e-05,2.8906451916554943e-05
3821,2.8961672796867788e-05,2.874848541978281e-05
3822,2.8762846341123804e-05,2.8563888918142766e-05
3823,2.8599577490240335e-05,2.8585074687725864e-05
3824,2.8625303457374685e-05,2.871925607905723e-05
3825,2.873318771889899e-05,2.8691116312984377e-05
3826,2.873906123568304e-05,2.8602684324141592e-05
3827,2.8620303055504337e-05,2.8478079912019894e-05
3828,2.8509215553640388e-05,2.8465754439821467e-05
3829,2.8501897759269923e-05,2.8538850529002957e-05
3830,2.8553182346513495e-05,2.851903991540894e-05
3831,2.8561147701111622e-05,2.8480599212343805e-05
3832,2.8498168830992654e-05,2.839637454599142e-05
3833,2.8425636628526263e-05,2.83698427665513e-05
3834,2.8402133466443047e-05,2.8401987947290763e-05
3835,2.8416803615982644e-05,2.837963074853178e-05
3836,2.84178076981334e-05,2.836560997820925e-05
3837,2.8380982257658616e-05,2.8302516511757858e-05
3838,2.8331551220617257e-05,2.8277856472413987e-05
3839,2.8304735678830184e-05,2.8287833629292436e-05
3840,2.8303862563916482e-05,2.8269074391573668e-05
3841,2.830278390320018e-05,2.826734089467209e-05
3842,2.8280388505663723e-05,2.8214040867169388e-05
3843,2.82428773061838e-05,2.8190959710627794e-05
3844,2.821192902047187e-05,2.8180260414956138e-05
3845,2.8198799554957077e-05,2.8165670300950296e-05
3846,2.819445580826141e-05,2.8169364668428898e-05
3847,2.8182634196127765e-05,2.8129581551183946e-05
3848,2.8157646738691255e-05,2.8111251594964415e-05
3849,2.8128037229180336e-05,2.8084677978768013e-05
3850,2.810544174280949e-05,2.806922020681668e-05
3851,2.809279249049723e-05,2.806860356940888e-05
3852,2.8083271899959072e-05,2.804248833854217e-05
3853,2.806865995808039e-05,2.8032383852405474e-05
3854,2.804719224513974e-05,2.8001097234664485e-05
3855,2.802374910970684e-05,2.7984500775346532e-05
3856,2.8003965780953877e-05,2.7972000680165365e-05
3857,2.7989104637526907e-05,2.7952562959399074e-05
3858,2.7975904231425375e-05,2.794591819110792e-05
3859,2.7960479201283306e-05,2.7918758860323578e-05
3860,2.7941816370002925e-05,2.790571488731075e-05
3861,2.7921962100663222e-05,2.788405072351452e-05
3862,2.7903552108909935e-05,2.786790719255805e-05
3863,2.7887468604603782e-05,2.7856336600962095e-05
3864,2.7872474674950354e-05,2.783544550766237e-05
3865,2.7856764063471928e-05,2.7824096832773648e-05
3866,2.7839592803502455e-05,2.7801246687886305e-05
3867,2.782159936032258e-05,2.7786882128566504e-05
3868,2.7804051569546573e-05,2.7769794542109594e-05
3869,2.7787627914221957e-05,2.7752928872359917e-05
3870,2.7772022804128937e-05,2.774044878606219e-05
3871,2.7756379495258443e-05,2.772042171272915e-05
3872,2.774008498818148e-05,2.7707312256097794e-05
3873,2.7723150196834467e-05,2.7687405236065388e-05
3874,2.7706100809155032e-05,2.7672500436892733e-05
3875,2.7689482521964237e-05,2.765642238955479e-05
3876,2.767346813925542e-05,2.763978591246996e-05
3877,2.7657799364533275e-05,2.7626218070508912e-05
3878,2.7642096029012464e-05,2.76079499599291e-05
3879,2.7626067094388418e-05,2.7593956474447623e-05
3880,2.760972347459756e-05,2.7575983040151186e-05
3881,2.759328890533652e-05,2.756068170128856e-05
3882,2.757707261480391e-05,2.7545003831619397e-05
3883,2.7561165552469902e-05,2.7528521968633868e-05
3884,2.75455186056206e-05,2.7514735847944394e-05
3885,2.7529998988029547e-05,2.7497411792865023e-05
3886,2.7514510293258354e-05,2.748404767771717e-05
3887,2.7498972485773265e-05,2.7466894607641734e-05
3888,2.7483540179673582e-05,2.7453468646854162e-05
3889,2.746845166257117e-05,2.743802178883925e-05
3890,2.745397614489775e-05,2.7425436201156117e-05
3891,2.7440502890385687e-05,2.7413163479650393e-05
3892,2.742861761362292e-05,2.740445597737562e-05
3893,2.7419278922025114e-05,2.739874253165908e-05
3894,2.7414236683398485e-05,2.7402535124565475e-05
3895,2.741657408478204e-05,2.7415693693910725e-05
3896,2.743193726928439e-05,2.7457659598439932e-05
3897,2.7470239729154855e-05,2.7531774321687408e-05
3898,2.7549674996407703e-05,2.7692451112670824e-05
3899,2.7702824809239246e-05,2.7969203074462712e-05
3900,2.799025060085114e-05,2.8514754376374185e-05
3901,2.852211764547974e-05,2.948041947092861e-05
3902,2.950781890831422e-05,3.132562051177956e-05
3903,3.132938945782371e-05,3.468699287623167e-05
3904,3.4728767786873505e-05,4.103802712052129e-05
3905,4.1039998905034736e-05,5.281068297335878e-05
3906,5.288932516123168e-05,7.466968963854015e-05
3907,7.468322291970253e-05,0.00011467128206277266
3908,0.0001148543888120912,0.00018386267765890807
3909,0.000183939075213857,0.00029683244065381587
3910,0.00029730997630394995,0.00044257857371121645
3911,0.00044281870941631496,0.0005763046792708337
3912,0.0005773344892077148,0.0005497809615917504
3913,0.0005500898696482182,0.0003306127618998289
3914,0.0003314893110655248,7.736202678643167e-05
3915,7.74123182054609e-05,5.916678856010549e-05
3916,5.913170025451109e-05,0.00021759983792435378
3917,0.0002179516013711691,0.00025389838265255094
3918,0.0002538946573622525,0.00010911488061537966
3919,0.00010938198829535395,3.307092993054539e-05
3920,3.3040087146218866e-05,0.0001257154217455536
3921,0.00012554760905914009,0.00016516644973307848
3922,0.00016527678235433996,6.739245145581663e-05
3923,6.734723865520209e-05,3.638415728346445e-05
3924,3.6400208045961335e-05,0.00010650288459146395
3925,0.00010653372737579048,9.68931126408279e-05
3926,9.679591312306002e-05,3.3142823667731136e-05
3927,3.320208634249866e-05,5.582157245953567e-05
3928,5.588413114310242e-05,8.762609650148079e-05
3929,8.757034811424091e-05,4.6678571379743516e-05
3930,4.6683053369633853e-05,3.3977063139900565e-05
3931,3.406976975384168e-05,6.662461964879185e-05
3932,6.663642125204206e-05,5.329390842234716e-05
3933,5.33485617779661e-05,2.9183414881117642e-05
3934,2.9236736736493185e-05,4.958135468768887e-05
3935,4.957376222591847e-05,5.3530544391833246e-05
3936,5.363431046134792e-05,3.09573115373496e-05
3937,3.095288047916256e-05,3.7657962820958346e-05
3938,3.766668669413775e-05,4.844739305553958e-05
3939,4.8531721404287964e-05,3.3462281862739474e-05
3940,3.347243182361126e-05,3.175788151565939e-05
3941,3.17881022056099e-05,4.267494296072982e-05
3942,4.2734183807624504e-05,3.494422708172351e-05
3943,3.496793578960933e-05,2.9245920813991688e-05
3944,2.928607318608556e-05,3.7482237530639395e-05
3945,3.7540790799539536e-05,3.52672504959628e-05
3946,3.528297020238824e-05,2.8565318643813953e-05
3947,2.8617105272132903e-05,3.334003486088477e-05
3948,3.338940950925462e-05,3.460090374574065e-05
3949,3.4626482374733314e-05,2.8926157028763555e-05
3950,2.896914338634815e-05,3.0538325518136844e-05
3951,3.0587572837248445e-05,3.331616608193144e-05
3952,3.335690053063445e-05,2.95258141704835e-05
3953,2.95748559437925e-05,2.8854903575847857e-05
3954,2.892224983952474e-05,3.172072320012376e-05
3955,3.1761279387865216e-05,2.9952718250569887e-05
3956,3.0021847123862244e-05,2.816846244968474e-05
3957,2.822200804075692e-05,3.0164590498316102e-05
3958,3.019929317815695e-05,3.0000875995028764e-05
3959,3.0056999094085768e-05,2.810523255902808e-05
3960,2.814028994180262e-05,2.8978174668736756e-05
3961,2.9011514925514348e-05,2.973799200844951e-05
3962,2.977745134558063e-05,2.8304199076956138e-05
3963,2.833921098499559e-05,2.816615415213164e-05
3964,2.819508699758444e-05,2.9125279979780316e-05
3965,2.9168233595555648e-05,2.8504371584858745e-05
3966,2.853141813830007e-05,2.781527473416645e-05
3967,2.7848462195834145e-05,2.8465045033954084e-05
3968,2.8504236979642883e-05,2.8511558411992155e-05
3969,2.8534575903904624e-05,2.7779322408605367e-05
3970,2.7812224288936704e-05,2.7952306481893174e-05
3971,2.797920569719281e-05,2.831345955200959e-05
3972,2.833630787790753e-05,2.7863123250426725e-05
3973,2.788783240248449e-05,2.763976044661831e-05
3974,2.7662619686452672e-05,2.798089917632751e-05
3975,2.7998659788863733e-05,2.7889913326362148e-05
3976,2.7913562007597648e-05,2.754487286438234e-05
3977,2.7562675313674845e-05,2.7653788492898457e-05
3978,2.7670901545207016e-05,2.7788761144620366e-05
3979,2.7807367587229237e-05,2.7551159291760996e-05
3980,2.7566493372432888e-05,2.7444979423307814e-05
3981,2.746019345067907e-05,2.7594855055212975e-05
3982,2.761158066277858e-05,2.7543414034880698e-05
3983,2.7558735382626764e-05,2.736348324106075e-05
3984,2.73762834694935e-05,2.738974399107974e-05
3985,2.7408172172727063e-05,2.746140853560064e-05
3986,2.747043254203163e-05,2.7337096980772913e-05
3987,2.7351270546205342e-05,2.726102502492722e-05
3988,2.727164246607572e-05,2.7320997105562128e-05
3989,2.7328638680046424e-05,2.730056075961329e-05
3990,2.7311829398968257e-05,2.720145130297169e-05
3991,2.7208479878026992e-05,2.7184802092961036e-05
3992,2.7192310881218873e-05,2.721358760027215e-05
3993,2.7222537028137594e-05,2.716587550821714e-05
3994,2.7171237888978794e-05,2.7099906219518743e-05
3995,2.7106718334835023e-05,2.710700937313959e-05
3996,2.7112824682262726e-05,2.7108633730676956e-05
3997,2.711212437134236e-05,2.705189945118036e-05
3998,2.7056656108470634e-05,2.7018591936212033e-05
3999,2.7020763809559867e-05,2.7023676011594944e-05
4000,2.7025898816646077e-05,2.7006804884877056e-05
4001,2.7007250537280925e-05,2.69598367594881e-05
4002,2.6961162802763283e-05,2.694202157726977e-05
4003,2.6940286261378787e-05,2.693597889447119e-05
4004,2.6937141228700057e-05,2.6912766770692542e-05
4005,2.6910936867352575e-05,2.6875519324676134e-05
4006,2.68751937255729e-05,2.686107654881198e-05
4007,2.6860368961934e-05,2.6852230803342536e-05
4008,2.6850515496334992e-05,2.6824945962289348e-05
4009,2.6823427106137387e-05,2.6796704332809895e-05
4010,2.679509634617716e-05,2.678500459296629e-05
4011,2.678127020772081e-05,2.6768557290779427e-05
4012,2.6767129384097643e-05,2.674644383660052e-05
4013,2.6741783585748635e-05,2.6720739697339013e-05
4014,2.671829679457005e-05,2.670863614184782e-05
4015,2.6704090487328358e-05,2.6691377570386976e-05
4016,2.668792149052024e-05,2.6669871658668853e-05
4017,2.666480213520117e-05,2.664764178916812e-05
4018,2.6644080207915977e-05,2.663546365511138e-05
4019,2.6629304556990974e-05,2.6616320610628463e-05
4020,2.6612729925545864e-05,2.6598894692142494e-05
4021,2.6592000722303055e-05,2.6577483367873356e-05
4022,2.65734543063445e-05,2.6566654923954047e-05
4023,2.655900789250154e-05,2.654777381394524e-05
4024,2.6543697458691895e-05,2.653564115462359e-05
4025,2.6526431611273438e-05,2.6515035642660223e-05
4026,2.6511672331253067e-05,2.6512421754887328e-05
4027,2.6501140382606536e-05,2.6494864869164303e-05
4028,2.6492480174056254e-05,2.649941416166257e-05
4029,2.6486011847737245e-05,2.6487621653359383e-05
4030,2.6486528440727852e-05,2.6514408091316e-05
4031,2.649827001732774e-05,2.6523008273215964e-05
4032,2.6524592612986453e-05,2.659363417478744e-05
4033,2.6573005015961826e-05,2.6652380256564356e-05
4034,2.665897409315221e-05,2.6832742150872946e-05
4035,2.6804809749592096e-05,2.7031544959754683e-05
4036,2.7046036848332733e-05,2.747760845522862e-05
4037,2.7438025426818058e-05,2.8053123969584703e-05
4038,2.8079815820092335e-05,2.9176622774684802e-05
4039,2.911779665737413e-05,3.0765077099204063e-05
4040,3.081089016632177e-05,3.360145274200477e-05
4041,3.350983024574816e-05,3.7766541936434805e-05
4042,3.784073123824783e-05,4.458472540136427e-05
4043,4.443752550287172e-05,5.422833783086389e-05
4044,5.433820479083806e-05,6.759710231563076e-05
4045,6.736377690685913e-05,8.280254405690357e-05
4046,8.294147119158879e-05,9.524950291961432e-05
4047,9.49242094065994e-05,9.739773668115959e-05
4048,9.753301128512248e-05,8.278751920443028e-05
4049,8.247872756328434e-05,5.644528937409632e-05
4050,5.6529832363594323e-05,3.389408811926842e-05
4051,3.378983092261478e-05,2.8103269869461656e-05
4052,2.8083803044864908e-05,3.802433275268413e-05
4053,3.8113415939733386e-05,5.030059764976613e-05
4054,5.0153950724052265e-05,5.162196612218395e-05
4055,5.172426244826056e-05,4.1607883758842945e-05
4056,4.1458613850409165e-05,3.07504233205691e-05
4057,3.078039662796073e-05,2.9340859327930957e-05
4058,2.9353930585784838e-05,3.548966924427077e-05
4059,3.544496212271042e-05,3.955284410039894e-05
4060,3.9648508391110227e-05,3.630621358752251e-05
4061,3.62174105248414e-05,2.9549286409746855e-05
4062,2.9589053156087175e-05,2.72574743576115e-05
4063,2.7241861971560866e-05,3.065720375161618e-05
4064,3.064301563426852e-05,3.421160363359377e-05
4065,3.4282420529052615e-05,3.312991975690238e-05
4066,3.308689338155091e-05,2.858331208699383e-05
4067,2.8620594093808904e-05,2.6023193640867248e-05
4068,2.6008561690105125e-05,2.7538384529179893e-05
4069,2.752207001321949e-05,3.027121420018375e-05
4070,3.031616324733477e-05,3.064174597966485e-05
4071,3.06148394884076e-05,2.8298825782258064e-05
4072,2.832518111972604e-05,2.630032759043388e-05
4073,2.6292711481801234e-05,2.6538404199527577e-05
4074,2.6509213057579473e-05,2.7912801670026965e-05
4075,2.7939226129092276e-05,2.842816502379719e-05
4076,2.8390088118612766e-05,2.733812107180711e-05
4077,2.735494854277931e-05,2.6215189791400917e-05
4078,2.620519262563903e-05,2.6240442821290344e-05
4079,2.6211435397271998e-05,2.7005064112017862e-05
4080,2.7023650545743294e-05,2.7437325115897693e-05
4081,2.7390160539653152e-05,2.67904488282511e-05
4082,2.6804775188793428e-05,2.597708225948736e-05
4083,2.5952896976377815e-05,2.5755329261301085e-05
4084,2.5735480448929593e-05,2.6192266886937432e-05
4085,2.6198065825155936e-05,2.6682031602831557e-05
4086,2.66384486167226e-05,2.6515155695960857e-05
4087,2.6524649001657963e-05,2.6064348276122473e-05
4088,2.6029316359199584e-05,2.5713028662721626e-05
4089,2.5701532649691217e-05,2.5798744900384918e-05
4090,2.5787359845708124e-05,2.6066909413202666e-05
4091,2.6035297196358442e-05,2.6082918338943273e-05
4092,2.6080599127453752e-05,2.5895826183841564e-05
4093,2.586301889095921e-05,2.564516762504354e-05
4094,2.5631981770857237e-05,2.5627590730437078e-05
4095,2.5608382202335633e-05,2.5776720576686785e-05
4096,2.575070902821608e-05,2.5857558284769766e-05
4097,2.5847040888038464e-05,2.579625834187027e-05
4098,2.5768908017198555e-05,2.5609415388316847e-05
4099,2.559246786404401e-05,2.5498397008050233e-05
4100,2.547994881751947e-05,2.5528752303216606e-05
4101,2.5500374249531887e-05,2.558953383413609e-05
4102,2.5578936401871033e-05,2.5632687538745813e-05
4103,2.5601322704460472e-05,2.5548732082825154e-05
4104,2.5535518943797797e-05,2.5468541934969835e-05
4105,2.5444549464737065e-05,2.5427569198654965e-05
4106,2.5404191546840593e-05,2.5439367163926363e-05
4107,2.5424908017157577e-05,2.5486198865110055e-05
4108,2.5455092327320017e-05,2.5455718059674837e-05
4109,2.5444222046644427e-05,2.5422070393688045e-05
4110,2.5391413146280684e-05,2.535275234549772e-05
4111,2.533674705773592e-05,2.5339426429127343e-05
4112,2.5314790036645718e-05,2.534544182708487e-05
4113,2.532325561332982e-05,2.5352472221129574e-05
4114,2.5332436052849516e-05,2.5342847948195413e-05
4115,2.5317955078207888e-05,2.530275196477305e-05
4116,2.528207187424414e-05,2.5269564503105357e-05
4117,2.5246088625863194e-05,2.5251634724554606e-05
4118,2.522749127820134e-05,2.524632145650685e-05
4119,2.5225250283256173e-05,2.525057061575353e-05
4120,2.522462273191195e-05,2.5234259737771936e-05
4121,2.5212979380739853e-05,2.5214585548383184e-05
4122,2.5190158339682966e-05,2.5190764063154347e-05
4123,2.516606036806479e-05,2.5171078959829174e-05
4124,2.5149893190246075e-05,2.517122084100265e-05
4125,2.5142557205981575e-05,2.5156279662041925e-05
4126,2.5137425836874172e-05,2.5157798518193886e-05
4127,2.512741048121825e-05,2.5129789719358087e-05
4128,2.5110899514402263e-05,2.512144965294283e-05
4129,2.5091931092902087e-05,2.509648220438976e-05
4130,2.5075873054447584e-05,2.509282603568863e-05
4131,2.5064960937015712e-05,2.50793691520812e-05
4132,2.5057312086573802e-05,2.5076858946704306e-05
4133,2.5049404939636588e-05,2.5061093765543774e-05
4134,2.5039360480150208e-05,2.50573630182771e-05
4135,2.50282246270217e-05,2.5038620151462965e-05
4136,2.5019038730533794e-05,2.504713302187156e-05
4137,2.5014642233145423e-05,2.503303585399408e-05
4138,2.501652306818869e-05,2.50618759309873e-05
4139,2.502525967429392e-05,2.505550037312787e-05
4140,2.5042427296284586e-05,2.5113389710895717e-05
4141,2.5072164135053754e-05,2.513166873541195e-05
4142,2.512296305212658e-05,2.5255367290810682e-05
4143,2.5208000806742348e-05,2.5350116629851982e-05
4144,2.5348370400024578e-05,2.5632976758060977e-05
4145,2.5575413019396365e-05,2.5932382413884625e-05
4146,2.5942505089915358e-05,2.6608902771840803e-05
4147,2.6532918127486482e-05,2.7465788662084378e-05
4148,2.749515806499403e-05,2.9166696549509652e-05
4149,2.9057096980977803e-05,3.157669198117219e-05
4150,3.1634863262297586e-05,3.60028279828839e-05
4151,3.5831661080010235e-05,4.2677915189415216e-05
4152,4.277448897482827e-05,5.4143962188391015e-05
4153,5.385948679759167e-05,7.153535989345983e-05
4154,7.167035801103339e-05,9.830942144617438e-05
4155,9.782449342310429e-05,0.0001347306970274076
4156,0.00013487148680724204,0.00017620983999222517
4157,0.00017544768343213946,0.00020935104112140834
4158,0.00020944379502907395,0.00020573155779857188
4159,0.00020488940936047584,0.0001560961245559156
4160,0.00015618509496562183,8.192825771402568e-05
4161,8.15819003037177e-05,4.124283805140294e-05
4162,4.119494042242877e-05,6.1487102357205e-05
4163,6.166564708109945e-05,0.00010811716492753476
4164,0.00010768438369268551,0.00012133084965171292
4165,0.00012165717635070905,9.190309356199577e-05
4166,9.161985508399084e-05,6.445268809329718e-05
4167,6.463695899583399e-05,7.484711386496201e-05
4168,7.490123971365392e-05,9.568198584020138e-05
4169,9.544395288685337e-05,8.398574573220685e-05
4170,8.405265543842688e-05,4.985240229871124e-05
4171,4.9765872972784564e-05,3.4896336728706956e-05
4172,3.48029425367713e-05,4.4493550376500934e-05
4173,4.463748700800352e-05,4.8147481720661744e-05
4174,4.791577885043807e-05,3.564285725587979e-05
4175,3.570910848793574e-05,3.138846659567207e-05
4176,3.141962588415481e-05,4.404038190841675e-05
4177,4.3860680307261646e-05,5.154856262379326e-05
4178,5.171374505152926e-05,4.31014304922428e-05
4179,4.2938256228808314e-05,3.306647704448551e-05
4180,3.311148611828685e-05,3.402924630790949e-05
4181,3.407701660762541e-05,3.618330811150372e-05
4182,3.605812162277289e-05,3.049096449103672e-05
4183,3.056124842260033e-05,2.594604120531585e-05
4184,2.5908908355631866e-05,2.9838649425073527e-05
4185,2.977700023620855e-05,3.498338264762424e-05
4186,3.502249455777928e-05,3.3613538107601926e-05
4187,3.353835199959576e-05,2.9462262318702415e-05
4188,2.9445429390762e-05,2.9162942155380733e-05
4189,2.921472150774207e-05,3.053777618333697e-05
4190,3.0434748623520136e-05,2.8357711926219054e-05
4191,2.8412521714926697e-05,2.5392659154022112e-05
4192,2.535232670197729e-05,2.57688789133681e-05
4193,2.572288940427825e-05,2.818140637828037e-05
4194,2.8233442208147608e-05,2.883247725549154e-05
4195,2.8743512302753516e-05,2.7197498638997786e-05
4196,2.7226129532209598e-05,2.6644875106285326e-05
4197,2.6621431970852427e-05,2.734834561124444e-05
4198,2.7296731786918826e-05,2.7080495783593506e-05
4199,2.709192267502658e-05,2.5669476599432528e-05
4200,2.5618664949433878e-05,2.483833122823853e-05
4201,2.4811277398839593e-05,2.5484445359325036e-05
4202,2.5478795578237623e-05,2.6290152163710445e-05
4203,2.6226065529044718e-05,2.6005525796790607e-05
4204,2.5991115762735717e-05,2.5521221687085927e-05
4205,2.5488952815067023e-05,2.5664170607342385e-05
4206,2.5602519599488005e-05,2.5906680093612522e-05
4207,2.590929034340661e-05,2.569321804912761e-05
4208,2.5620807718951255e-05,2.4972563551273197e-05
4209,2.4954988475656137e-05,2.472790038154926e-05
4210,2.4692875740583986e-05,2.500460141163785e-05
4211,2.4944405595306307e-05,2.5151215595542453e-05
4212,2.5137274860753678e-05,2.5056257072719745e-05
4213,2.499123729649e-05,2.4865219529601745e-05
4214,2.483224125171546e-05,2.4976134227472357e-05
4215,2.493625106581021e-05,2.515299456717912e-05
4216,2.5097573598031886e-05,2.5045521397260018e-05
4217,2.5013336198753677e-05,2.4799281163723208e-05
4218,2.4751576347625814e-05,2.464932003931608e-05
4219,2.45999290200416e-05,2.4663695512572303e-05
4220,2.4633525754325092e-05,2.473119275236968e-05
4221,2.4670605853316374e-05,2.4625556761748157e-05
4222,2.4592076442786492e-05,2.4543707695556805e-05
4223,2.449597741360776e-05,2.4562412363593467e-05
4224,2.4509461582056247e-05,2.4626557205920108e-05
4225,2.459470670146402e-05,2.4684410163899884e-05
4226,2.4622046112199314e-05,2.4590750399511307e-05
4227,2.455659159750212e-05,2.4535191187169403e-05
4228,2.4482340450049378e-05,2.4514207325410098e-05
4229,2.4465975002385676e-05,2.4517043129890226e-05
4230,2.4475035388604738e-05,2.4500339350197464e-05
4231,2.4445827875752002e-05,2.4422179194516502e-05
4232,2.437810144328978e-05,2.4374385247938335e-05
4233,2.432602377666626e-05,2.4372586267418228e-05
4234,2.4319429940078408e-05,2.437363400531467e-05
4235,2.4331069653271697e-05,2.437750663375482e-05
4236,2.432216570014134e-05,2.4338522052858025e-05
4237,2.429219057376031e-05,2.4318385840160772e-05
4238,2.4269913410535082e-05,2.432483233860694e-05
4239,2.427007166261319e-05,2.4319155272678472e-05
4240,2.4276705516967922e-05,2.432546352792997e-05
4241,2.426778883091174e-05,2.4286719053634442e-05
4242,2.424269223411102e-05,2.427158506179694e-05
4243,2.4218421458499506e-05,2.4255870812339708e-05
4244,2.4206097805290483e-05,2.424775630061049e-05
4245,2.4199451218009926e-05,2.423841033305507e-05
4246,2.4186103473766707e-05,2.4212182324845344e-05
4247,2.4163509806385264e-05,2.4189717805711553e-05
4248,2.4140157620422542e-05,2.4176442821044475e-05
4249,2.412390495010186e-05,2.4159529857570305e-05
4250,2.4113473045872524e-05,2.4156455765478313e-05
4251,2.4101807866827585e-05,2.4131360987666994e-05
4252,2.4085116820060648e-05,2.4119166482705623e-05
4253,2.4066333935479634e-05,2.4100037990137935e-05
4254,2.40505160036264e-05,2.4088589270832017e-05
4255,2.403897997282911e-05,2.408058753644582e-05
4256,2.4028582629398443e-05,2.4064327590167522e-05
4257,2.4015907911234535e-05,2.4052244043559767e-05
4258,2.4000826670089737e-05,2.4035822207224555e-05
4259,2.3985887310118414e-05,2.402229620201979e-05
4260,2.3973156203282997e-05,2.4014214432099834e-05
4261,2.3962198611116037e-05,2.3998862161533907e-05
4262,2.3951024559210055e-05,2.3990774934645742e-05
4263,2.3938380763866007e-05,2.397332173131872e-05
4264,2.392480382695794e-05,2.3962766135809943e-05
4265,2.3911750758998096e-05,2.3950073227752e-05
4266,2.3900009182398207e-05,2.3938764570630156e-05
4267,2.3889117073849775e-05,2.392890201008413e-05
4268,2.38781012740219e-05,2.3916227291920222e-05
4269,2.3866516130510718e-05,2.3904918634798378e-05
4270,2.385484185651876e-05,2.389501423749607e-05
4271,2.384396066190675e-05,2.3883079848019406e-05
4272,2.3834472813177854e-05,2.3879052605479956e-05
4273,2.382648381171748e-05,2.3867531126597896e-05
4274,2.3820044589228928e-05,2.3869106371421367e-05
4275,2.381569538556505e-05,2.3861937734181993e-05
4276,2.3814865926397033e-05,2.3873681129771285e-05
4277,2.3819909984013066e-05,2.3880977096268907e-05
4278,2.3834216335671954e-05,2.3917218641145155e-05
4279,2.3862616217229515e-05,2.395849151071161e-05
4280,2.3912944016046822e-05,2.405437953711953e-05
4281,2.3997466996661387e-05,2.4179689717129804e-05
4282,2.4137092623277567e-05,2.442589175188914e-05
4283,2.4364515411434695e-05,2.477314046700485e-05
4284,2.473574386385735e-05,2.5405655833310448e-05
4285,2.5336985345347784e-05,2.634885640873108e-05
4286,2.6319432436139323e-05,2.79896139545599e-05
4287,2.7909227355848998e-05,3.0528706702170894e-05
4288,3.0510978831443936e-05,3.477725476841442e-05
4289,3.467723581707105e-05,4.1395480366190895e-05
4290,4.139427255722694e-05,5.1798033382510766e-05
4291,5.166417395230383e-05,6.710956949973479e-05
4292,6.712823960697278e-05,8.762699872022495e-05
4293,8.743869693716988e-05,0.00011149951751576737
4294,0.00011153134983032942,0.00012947841605637223
4295,0.00012922936002723873,0.00013106771802995354
4296,0.00013108628627378494,0.00010492738510947675
4297,0.00010468848631717265,6.289539305726066e-05
4298,6.286621646722779e-05,3.014147478097584e-05
4299,3.0047574909985997e-05,2.6774549041874707e-05
4300,2.668464912858326e-05,4.670014823204838e-05
4301,4.6761684643570334e-05,6.552189734065905e-05
4302,6.539945024996996e-05,6.331798067549244e-05
4303,6.338740786304697e-05,4.293211532058194e-05
4304,4.283647649572231e-05,2.5861467292997986e-05
4305,2.5804652977967635e-05,2.7292970116832294e-05
4306,2.727157152548898e-05,4.03243066102732e-05
4307,4.0168361010728404e-05,4.632859054254368e-05
4308,4.634855213225819e-05,3.823938823188655e-05
4309,3.811188071267679e-05,2.6426945623825304e-05
4310,2.6396372049930505e-05,2.442953882564325e-05
4311,2.439900163153652e-05,3.1607058190274984e-05
4312,3.150237171212211e-05,3.630958599387668e-05
4313,3.6322951928013936e-05,3.2480875233886763e-05
4314,3.237408600398339e-05,2.5514196750009432e-05
4315,2.5486066078883596e-05,2.4124939955072477e-05
4316,2.4079645299934782e-05,2.8277332603465766e-05
4317,2.819914516294375e-05,3.099611058132723e-05
4318,3.098643719567917e-05,2.8631546229007654e-05
4319,2.8558664780575782e-05,2.4573701011831872e-05
4320,2.453055276419036e-05,2.391558518866077e-05
4321,2.3880900698713958e-05,2.6450292352819815e-05
4322,2.6364670702605508e-05,2.7849189791595563e-05
4323,2.7826592486235313e-05,2.6320345568819903e-05
4324,2.624703301989939e-05,2.4029041014728136e-05
4325,2.3978353056008928e-05,2.382595448580105e-05
4326,2.3799168047844432e-05,2.5370874936925247e-05
4327,2.529380435589701e-05,2.6030316803371534e-05
4328,2.6020694349426776e-05,2.5077652026084252e-05
4329,2.50088851316832e-05,2.3756176233291626e-05
4330,2.371806294831913e-05,2.372050039411988e-05
4331,2.367665911151562e-05,2.4612663764855824e-05
4332,2.4544451662222855e-05,2.4961273084045388e-05
4333,2.4923638193286024e-05,2.4381219191127457e-05
4334,2.4319186195498332e-05,2.365045111218933e-05
4335,2.3596634491696022e-05,2.364303873036988e-05
4336,2.360923281230498e-05,2.4212238713516854e-05
4337,2.414602022327017e-05,2.443911762384232e-05
4338,2.441532888042275e-05,2.4202416170737706e-05
4339,2.4142687834682874e-05,2.3869069991633296e-05
4340,2.3824397430871613e-05,2.401620804448612e-05
4341,2.3967630113475025e-05,2.4568165827076882e-05
4342,2.4498482162016444e-05,2.5054740035557188e-05
4343,2.5004523195093498e-05,2.541715366533026e-05
4344,2.5349881980218925e-05,2.5941139028873295e-05
4345,2.5882596673909575e-05,2.707498788367957e-05
4346,2.7038819098379463e-05,2.9061391614959575e-05
4347,2.9004830139456317e-05,3.189594644936733e-05
4348,3.188976916135289e-05,3.605059100664221e-05
4349,3.600176569307223e-05,4.235272717778571e-05
4350,4.234603329678066e-05,5.214559496380389e-05
4351,5.208504808251746e-05,6.710886373184621e-05
4352,6.708058208459988e-05,8.877881191438064e-05
4353,8.868726581567898e-05,0.00011910581815754995
4354,0.00011909966997336596,0.00015692802844569087
4355,0.00015683620586059988,0.00019894371507689357
4356,0.0001990688033401966,0.0002285439259139821
4357,0.00022849695233162493,0.00023008960124570876
4358,0.00023034679179545492,0.00018386516603641212
4359,0.00018380545952823013,0.0001080498841474764
4360,0.0001081892114598304,4.2039031541207805e-05
4361,4.1948704165406525e-05,2.5103847292484716e-05
4362,2.5067003662115894e-05,5.549690104089677e-05
4363,5.550062269321643e-05,9.317890362581238e-05
4364,9.311911708209664e-05,9.866541950032115e-05
4365,9.868689812719822e-05,6.646485417149961e-05
4366,6.63880564388819e-05,3.12514093820937e-05
4367,3.119471875834279e-05,2.5930828996933997e-05
4368,2.5896319129969925e-05,4.695469033322297e-05
4369,4.68879661639221e-05,6.237648631213233e-05
4370,6.239143112907186e-05,5.2148861868772656e-05
4371,5.20673711434938e-05,3.0871113267494366e-05
4372,3.0829065508442e-05,2.440954813209828e-05
4373,2.4367172954953276e-05,3.598673356464133e-05
4374,3.590164124034345e-05,4.5574666728498414e-05
4375,4.556728163152002e-05,3.953816485591233e-05
4376,3.9456033846363425e-05,2.7053994926973246e-05
4377,2.700965342228301e-05,2.422576471872162e-05
4378,2.4169588868971914e-05,3.170450509060174e-05
4379,3.163709334330633e-05,3.666501652332954e-05
4380,3.6630284739658237e-05,3.206195469829254e-05
4381,3.198068588972092e-05,2.4871207642718218e-05
4382,2.4824281354085542e-05,2.435522219457198e-05
4383,2.42922378674848e-05,2.9149270631023683e-05
4384,2.9089051167829894e-05,3.1171781301964074e-05
4385,3.113606362603605e-05,2.76445261988556e-05
4386,2.7583739210967906e-05,2.378249519097153e-05
4387,2.3739970856695436e-05,2.435532587696798e-05
4388,2.4304894395754673e-05,2.7320123990648426e-05
4389,2.7268464691587724e-05,2.792875784507487e-05
4390,2.7884863811777905e-05,2.547674739616923e-05
4391,2.5425208150409162e-05,2.3436095943907276e-05
4392,2.3382970539387316e-05,2.4084449250949547e-05
4393,2.4038596166064963e-05,2.5819432266871445e-05
4394,2.576235419837758e-05,2.5937000827980228e-05
4395,2.5897747036651708e-05,2.4406355805695057e-05
4396,2.4359165763598867e-05,2.3296819563256577e-05
4397,2.3250260710483417e-05,2.3762228011037223e-05
4398,2.372671224293299e-05,2.4783263143035583e-05
4399,2.472879714332521e-05,2.4793287593638524e-05
4400,2.4759026928222738e-05,2.3882170353317633e-05
4401,2.382835009484552e-05,2.3196482288767584e-05
4402,2.31484755204292e-05,2.344188396818936e-05
4403,2.3393851733999327e-05,2.4055792891886085e-05
4404,2.3996855816221796e-05,2.412595131318085e-05
4405,2.408325053693261e-05,2.362913073739037e-05
4406,2.3569822587887757e-05,2.315080382686574e-05
4407,2.3104508727556095e-05,2.3205917386803776e-05
4408,2.3152259018388577e-05,2.354820207983721e-05
4409,2.3494692868553102e-05,2.3670716473134235e-05
4410,2.362277518841438e-05,2.3434284230461344e-05
4411,2.3377182515105233e-05,2.3109038011170924e-05
4412,2.3059094019117765e-05,2.305038105987478e-05
4413,2.2993599486653693e-05,2.3219003196572885e-05
4414,2.3164053345681168e-05,2.3354663426289335e-05
4415,2.3300388420466334e-05,2.3281778339878656e-05
4416,2.3224958567880094e-05,2.308073453605175e-05
4417,2.3025913833407685e-05,2.2962805815041065e-05
4418,2.2906575395609252e-05,2.3005819457466714e-05
4419,2.294761361554265e-05,2.3102204067981802e-05
4420,2.3047490685712546e-05,2.3125192456063814e-05
4421,2.3065176719683222e-05,2.302880420756992e-05
4422,2.2973434170125984e-05,2.2920972696738318e-05
4423,2.2862208425067365e-05,2.2882852135808207e-05
4424,2.282456262037158e-05,2.2918909962754697e-05
4425,2.2862906916998327e-05,2.2965999960433692e-05
4426,2.290536394866649e-05,2.2946816898183897e-05
4427,2.2891284970683046e-05,2.288857285748236e-05
4428,2.2826936401543207e-05,2.2824258849141188e-05
4429,2.2765832909499295e-05,2.2809230358689092e-05
4430,2.2748114133719355e-05,2.2827382053947076e-05
4431,2.2766036636312492e-05,2.2841099053039216e-05
4432,2.2781021471018903e-05,2.2827320208307356e-05
4433,2.2765141693525948e-05,2.278482679685112e-05
4434,2.272417077620048e-05,2.27468553930521e-05
4435,2.268530624860432e-05,2.273153768328484e-05
4436,2.2668826204608195e-05,2.273271093145013e-05
4437,2.267185118398629e-05,2.2740066924598068e-05
4438,2.2675603759125806e-05,2.272624806209933e-05
4439,2.266479714307934e-05,2.2704480215907097e-05
4440,2.2639495000476018e-05,2.2675189029541798e-05
4441,2.2611940948991105e-05,2.2658245143247768e-05
4442,2.259382017655298e-05,2.2651953258900903e-05
4443,2.2587062630918808e-05,2.2648024241789244e-05
4444,2.2584368707612157e-05,2.264241447846871e-05
4445,2.2576912670047022e-05,2.262513771711383e-05
4446,2.256148582091555e-05,2.2606978745898232e-05
4447,2.2541660655406304e-05,2.2588081264984794e-05
4448,2.252367812616285e-05,2.2576154151465744e-05
4449,2.25111871259287e-05,2.2568352505913936e-05
4450,2.2503190848510712e-05,2.25607927859528e-05
4451,2.2495803932542913e-05,2.2550992071046494e-05
4452,2.248559940198902e-05,2.2537402401212603e-05
4453,2.2471878764918074e-05,2.252172453154344e-05
4454,2.24565537791932e-05,2.2508536858367734e-05
4455,2.2442218323703855e-05,2.2495229131891392e-05
4456,2.2430387616623193e-05,2.2487785827252083e-05
4457,2.2420756067731418e-05,2.2476429876405746e-05
4458,2.241181573481299e-05,2.2469699615612626e-05
4459,2.2402122340281494e-05,2.245566611236427e-05
4460,2.239123023173306e-05,2.2448024537879974e-05
4461,2.2379801521310583e-05,2.2433225240092725e-05
4462,2.236921136500314e-05,2.243022754555568e-05
4463,2.2360874936566688e-05,2.2418969820137136e-05
4464,2.2356016415869817e-05,2.2427280782721937e-05
4465,2.2355870896717533e-05,2.242341906821821e-05
4466,2.236261934740469e-05,2.2455613361671567e-05
4467,2.2380649170372635e-05,2.2475345758721232e-05
4468,2.2418473236029968e-05,2.2572630768991075e-05
4469,2.249158023914788e-05,2.267794479848817e-05
4470,2.2628024453297257e-05,2.2969268684391864e-05
4471,2.2877384253661148e-05,2.3368878828478046e-05
4472,2.3331011107075028e-05,2.4264569219667464e-05
4473,2.415222661511507e-05,2.5668397938716225e-05
4474,2.565059367043432e-05,2.852861871360801e-05
4475,2.83752797258785e-05,3.337225643917918e-05
4476,3.3384712878614664e-05,4.270443969289772e-05
4477,4.246415846864693e-05,5.895629510632716e-05
4478,5.900112955714576e-05,8.80957959452644e-05
4479,8.766521932557225e-05,0.00013588504225481302
4480,0.00013591475726570934,0.0002055095974355936
4481,0.00020471017342060804,0.00028564996318891644
4482,0.0002855332859326154,0.00032361620105803013
4483,0.00032251610537059605,0.0002666993241291493
4484,0.00026658258866518736,0.00012206823885207996
4485,0.00012157771561760455,2.723843681451399e-05
4486,2.7227586542721838e-05,6.595630111405626e-05
4487,6.605494127143174e-05,0.00014044440467841923
4488,0.00013991202285978943,0.00011657243157969788
4489,0.00011664870544336736,3.744898276636377e-05
4490,3.730609387275763e-05,3.943997944588773e-05
4491,3.9299859054153785e-05,9.20052407309413e-05
4492,9.21977189136669e-05,7.563274266431108e-05
4493,7.532857125625014e-05,2.7459986085887067e-05
4494,2.7529797080205753e-05,4.3590847781160846e-05
4495,4.3690433813026175e-05,6.913574179634452e-05
4496,6.885694892844185e-05,4.045904643135145e-05
4497,4.055309182149358e-05,2.5374620236107148e-05
4498,2.539798333600629e-05,5.0139442464569584e-05
4499,4.99415909871459e-05,4.714083479484543e-05
4500,4.722179437521845e-05,2.5468074454693124e-05
4501,2.543113805586472e-05,3.5816276067635044e-05
4502,3.56844138877932e-05,4.460563650354743e-05
4503,4.472943692235276e-05,2.8411628591129556e-05
4504,2.8333775844657794e-05,2.707707608351484e-05
4505,2.7016449166694656e-05,3.804254447459243e-05
4506,3.812374416156672e-05,3.040438605239615e-05
4507,3.0299032005132176e-05,2.3744325517327525e-05
4508,2.369926187384408e-05,3.1986404792405665e-05
4509,3.2026520784711465e-05,3.111125261057168e-05
4510,3.098309753113426e-05,2.3633047021576203e-05
4511,2.3605269234394655e-05,2.762565236480441e-05
4512,2.7653957658912987e-05,3.0422344934777357e-05
4513,3.0300903745228425e-05,2.452546323183924e-05
4514,2.4529821530450135e-05,2.4700722860870883e-05
4515,2.4693023078725673e-05,2.842533831426408e-05
4516,2.831406527548097e-05,2.524439332773909e-05
4517,2.523939656384755e-05,2.3173362933448516e-05
4518,2.314301673322916e-05,2.614002369227819e-05
4519,2.603644497867208e-05,2.5519580958643928e-05
4520,2.551794568717014e-05,2.290617885591928e-05
4521,2.2849357264931314e-05,2.425867751298938e-05
4522,2.417022733425256e-05,2.5263178031309508e-05
4523,2.5253384592360817e-05,2.336965553695336e-05
4524,2.3287624571821652e-05,2.316292557225097e-05
4525,2.3085451175575145e-05,2.4537690478609875e-05
4526,2.4504475732101128e-05,2.3814578526071273e-05
4527,2.3718441298115067e-05,2.27480868488783e-05
4528,2.267284071422182e-05,2.358132587687578e-05
4529,2.353918898734264e-05,2.3867709387559444e-05
4530,2.37588301388314e-05,2.2786600311519578e-05
4531,2.2726424504071474e-05,2.2833039110992104e-05
4532,2.2769070710637607e-05,2.3486092686653137e-05
4533,2.3381468054139987e-05,2.2966049073147587e-05
4534,2.2904292563907802e-05,2.250625766464509e-05
4535,2.2427642761613242e-05,2.295671401952859e-05
4536,2.2854106646263972e-05,2.30090954573825e-05
4537,2.2946060198592022e-05,2.253887760161888e-05
4538,2.2446885850513354e-05,2.2543148588738404e-05
4539,2.2449543394031934e-05,2.2823986000730656e-05
4540,2.2759173589292914e-05,2.2662849005428143e-05
4541,2.2563752281712368e-05,2.2383535906556062e-05
4542,2.2301293938653544e-05,2.2549140339833684e-05
4543,2.247518023068551e-05,2.2664440621156245e-05
4544,2.2565167455468327e-05,2.2411029931390658e-05
4545,2.233141458418686e-05,2.234652311017271e-05
4546,2.2266765881795436e-05,2.251699334010482e-05
4547,2.2416721549234353e-05,2.244448296551127e-05
4548,2.237075023003854e-05,2.2299760530586354e-05
4549,2.2208161681191996e-05,2.2330184947350062e-05
4550,2.2237791199586354e-05,2.2392987375496887e-05
4551,2.23133774852613e-05,2.2317757611745037e-05
4552,2.2223644918994978e-05,2.2230144168133847e-05
4553,2.2139191059977747e-05,2.2269505279837176e-05
4554,2.2189620722201653e-05,2.230775498901494e-05
4555,2.220811802544631e-05,2.22098060476128e-05
4556,2.212718391092494e-05,2.218485860794317e-05
4557,2.209537706221454e-05,2.223132105427794e-05
4558,2.2137148334877566e-05,2.2214378986973315e-05
4559,2.2128693672129884e-05,2.2163700123201124e-05
4560,2.20739148062421e-05,2.216838220192585e-05
4561,2.2072941646911204e-05,2.218804365838878e-05
4562,2.2107229597168043e-05,2.2199252271093428e-05
4563,2.2101054128143005e-05,2.2167772840475664e-05
4564,2.2083349904278293e-05,2.2205989807844162e-05
4565,2.2114705643616617e-05,2.2258762328419834e-05
4566,2.2169562726048753e-05,2.2301694116322324e-05
4567,2.2210029783309437e-05,2.235552528873086e-05
4568,2.227303230029065e-05,2.2500820705317892e-05
4569,2.240134563180618e-05,2.2661546609015204e-05
4570,2.258663698739838e-05,2.2931846615392715e-05
4571,2.2829863155493513e-05,2.3267715732799843e-05
4572,2.3192969820229337e-05,2.3846405383665115e-05
4573,2.374538053118158e-05,2.4627364837215282e-05
4574,2.4555502022849396e-05,2.5828643629211e-05
4575,2.5721605197759345e-05,2.7509031497174874e-05
4576,2.7451089408714324e-05,3.0090008294791915e-05
4577,2.997156116180122e-05,3.3686690585454926e-05
4578,3.364795338711701e-05,3.8921687519177794e-05
4579,3.879386349581182e-05,4.5989538193680346e-05
4580,4.597234510583803e-05,5.5283544497797266e-05
4581,5.5148084356915206e-05,6.631465657847002e-05
4582,6.632888835156336e-05,7.736943371128291e-05
4583,7.722767622908577e-05,8.543945295969024e-05
4584,8.54902173159644e-05,8.55797334224917e-05
4585,8.54398895171471e-05,7.53271160647273e-05
4586,7.537846977356821e-05,5.60524822503794e-05
4587,5.592557863565162e-05,3.567794192349538e-05
4588,3.56569689756725e-05,2.348528323636856e-05
4589,2.3382948711514473e-05,2.3486132704420015e-05
4590,2.3367821995634586e-05,3.2163894502446055e-05
4591,3.2098985684569925e-05,4.152113979216665e-05
4592,4.13608031522017e-05,4.417664240463637e-05
4593,4.414181239553727e-05,3.8565067370655015e-05
4594,3.8426591345341876e-05,2.904802568082232e-05
4595,2.899798346334137e-05,2.2683283532387577e-05
4596,2.258205677208025e-05,2.2933298168936744e-05
4597,2.282571222167462e-05,2.771919207589235e-05
4598,2.7643096473184414e-05,3.189734343322925e-05
4599,3.1754610972711816e-05,3.155625017825514e-05
4600,3.149355325149372e-05,2.7412072086008266e-05
4601,2.728865911194589e-05,2.2997834093985148e-05
4602,2.292315366503317e-05,2.171722735511139e-05
4603,2.1629493858199567e-05,2.367009255976882e-05
4604,2.3561731723020785e-05,2.6274732590536587e-05
4605,2.620464510982856e-05,2.7056204999098554e-05
4606,2.693251553864684e-05,2.5342998924315907e-05
4607,2.5271881895605475e-05,2.2919102775631472e-05
4608,2.281670276715886e-05,2.167230377381202e-05
4609,2.1587469746009447e-05,2.2260106561589055e-05
4610,2.2187827198649757e-05,2.368182504142169e-05
4611,2.35819006775273e-05,2.4352286345674656e-05
4612,2.4290213332278654e-05,2.37966378335841e-05
4613,2.3695862182648852e-05,2.2492013158625923e-05
4614,2.2419262677431107e-05,2.1615556761389598e-05
4615,2.1529314835788682e-05,2.1676063624909148e-05
4616,2.1586862203548662e-05,2.2348032871377654e-05
4617,2.227655022579711e-05,2.2936072127777152e-05
4618,2.283921821799595e-05,2.284732363477815e-05
4619,2.2778232960263267e-05,2.2284790247795172e-05
4620,2.2192692995304242e-05,2.1668853150913492e-05
4621,2.1590018150163814e-05,2.1473993911058642e-05
4622,2.139145362889394e-05,2.1713303794967942e-05
4623,2.162229247915093e-05,2.2049036488169804e-05
4624,2.1972020476823673e-05,2.2197789803612977e-05
4625,2.210242200817447e-05,2.199462687713094e-05
4626,2.1916204786975868e-05,2.166626109101344e-05
4627,2.157588278350886e-05,2.1416484742076136e-05
4628,2.133178713847883e-05,2.139684511348605e-05
4629,2.131410474248696e-05,2.1553862097789533e-05
4630,2.1462967197294347e-05,2.1690682842745446e-05
4631,2.161194061045535e-05,2.1721718439948745e-05
4632,2.162969576602336e-05,2.158748247893527e-05
4633,2.1507610654225573e-05,2.142586890840903e-05
4634,2.1338202714105137e-05,2.131433939212002e-05
4635,2.123011654475704e-05,2.131050860043615e-05
4636,2.1228483092272654e-05,2.1385858417488635e-05
4637,2.129769927705638e-05,2.1441877834149636e-05
4638,2.136280272679869e-05,2.1456251488416456e-05
4639,2.136763941962272e-05,2.1388141249190085e-05
4640,2.1308280338416807e-05,2.1309506337274797e-05
4641,2.1223726434982382e-05,2.1245105017442256e-05
4642,2.1161944459890947e-05,2.1229714548098855e-05
4643,2.1147283405298367e-05,2.1256790205370635e-05
4644,2.11704355024267e-05,2.1282507077557966e-05
4645,2.120165117958095e-05,2.130056054738816e-05
4646,2.1213461877778172e-05,2.127881089108996e-05
4647,2.1197331079747528e-05,2.1249967176117934e-05
4648,2.116476753144525e-05,2.1220808775979094e-05
4649,2.113737900799606e-05,2.1215419110376388e-05
4650,2.113313166773878e-05,2.124427555827424e-05
4651,2.1159141397220083e-05,2.1293340978445485e-05
4652,2.1213452782831155e-05,2.137842238880694e-05
4653,2.1293044483172707e-05,2.1483916498254985e-05
4654,2.1405225197668187e-05,2.1658261175616644e-05
4655,2.157373819500208e-05,2.192754800489638e-05
4656,2.1848682081326842e-05,2.2392376195057295e-05
4657,2.2308215193334036e-05,2.316413701919373e-05
4658,2.3084214262780733e-05,2.4465693059028126e-05
4659,2.4380160539294593e-05,2.6636047550709918e-05
4660,2.6555746444500983e-05,3.027681668754667e-05
4661,3.0188632081262767e-05,3.639908027253114e-05
4662,3.632289735833183e-05,4.6644825488328934e-05
4663,4.655617885873653e-05,6.379420665325597e-05
4664,6.37370758340694e-05,9.147251694230363e-05
4665,9.139366738963872e-05,0.00013518055493477732
4666,0.0001351833634544164,0.00019633662304840982
4667,0.00019628513837233186,0.0002725897647906095
4668,0.0002727308892644942,0.00033166754292324185
4669,0.00033163445186801255,0.0003357184468768537
4670,0.0003359889378771186,0.00024078140268102288
4671,0.00024070132349152118,0.0001025635065161623
4672,0.0001026543031912297,2.4416431188001297e-05
4673,2.4319168005604297e-05,5.864109698450193e-05
4674,5.854960181750357e-05,0.00013478247274179012
4675,0.00013480200141202658,0.00014433010073844343
4676,0.00014425006520468742,7.79678302933462e-05
4677,7.794184784870595e-05,2.4031804059632123e-05
4678,2.3909307856229134e-05,4.535496191238053e-05
4679,4.5274911826709285e-05,8.926329610403627e-05
4680,8.922695269575343e-05,7.812632247805595e-05
4681,7.807076326571405e-05,3.352185740368441e-05
4682,3.348077370901592e-05,2.637223769852426e-05
4683,2.6291831090929918e-05,5.5859924032120034e-05
4684,5.572999725700356e-05,6.0968064644839615e-05
4685,6.092235344112851e-05,3.318791641504504e-05
4686,3.308097075205296e-05,2.3095915821613744e-05
4687,2.300081541761756e-05,4.1554321796866134e-05
4688,4.146343417232856e-05,4.770616578753106e-05
4689,4.760160663863644e-05,3.052582178497687e-05
4690,3.0445331503869966e-05,2.2639622329734266e-05
4691,2.2532509319717064e-05,3.4184398828074336e-05
4692,3.4098589821951464e-05,3.860302604152821e-05
4693,3.851238943752833e-05,2.725520789681468e-05
4694,2.715973459999077e-05,2.228814992122352e-05
4695,2.220017631771043e-05,3.0059500204515643e-05
4696,2.998361196659971e-05,3.2442396332044154e-05
4697,3.2347488740924746e-05,2.489523103577085e-05
4698,2.4824201318551786e-05,2.2215677745407447e-05
4699,2.2141299268696457e-05,2.750040584942326e-05
4700,2.741773823800031e-05,2.8671718609984964e-05
4701,2.8610020308406092e-05,2.364315696468111e-05
4702,2.355527067265939e-05,2.2123605958768167e-05
4703,2.2054586224840023e-05,2.5593648388166912e-05
4704,2.5521067072986625e-05,2.613615470181685e-05
4705,2.60571796388831e-05,2.2781474399380386e-05
4706,2.271752782689873e-05,2.1892919903621078e-05
4707,2.1821198970428668e-05,2.41520374402171e-05
4708,2.4081584342638962e-05,2.4463219233439304e-05
4709,2.4408755052718334e-05,2.2306803657556884e-05
4710,2.223523370048497e-05,2.1707088308176026e-05
4711,2.1645682863891125e-05,2.316984136996325e-05
4712,2.310212039446924e-05,2.344108906982001e-05
4713,2.3363183572655544e-05,2.204994234489277e-05
4714,2.198399670305662e-05,2.1595240468741395e-05
4715,2.1509191356017254e-05,2.247639531560708e-05
4716,2.240305911982432e-05,2.2737640392733738e-05
4717,2.2660628019366413e-05,2.187337668146938e-05
4718,2.179413968406152e-05,2.1444171579787508e-05
4719,2.137288174708374e-05,2.1970616217004135e-05
4720,2.1892263248446397e-05,2.2223795895115472e-05
4721,2.214503547293134e-05,2.1705456674681045e-05
4722,2.1632064090226777e-05,2.134804890374653e-05
4723,2.126193248841446e-05,2.1604142602882348e-05
4724,2.1528032448259182e-05,2.1848438336746767e-05
4725,2.1764333723695017e-05,2.1578942323685624e-05
4726,2.1495685359695926e-05,2.126517574652098e-05
4727,2.1187475795159116e-05,2.136705552402418e-05
4728,2.1281603039824404e-05,2.1554549675784074e-05
4729,2.147584018530324e-05,2.144997415598482e-05
4730,2.136929651896935e-05,2.1217869289102964e-05
4731,2.1133540940354578e-05,2.1198084141360596e-05
4732,2.111947651428636e-05,2.134096394001972e-05
4733,2.1255606043268926e-05,2.1329948140191846e-05
4734,2.1246803953545168e-05,2.1169746105442755e-05
4735,2.1088490029796958e-05,2.1103225662955083e-05
4736,2.101530299114529e-05,2.116558243869804e-05
4737,2.1085457774461247e-05,2.121190664183814e-05
4738,2.112463698722422e-05,2.1125979401404038e-05
4739,2.1041787476860918e-05,2.1036890757386573e-05
4740,2.0952806153218262e-05,2.1050409486633725e-05
4741,2.0962545022484846e-05,2.1092833776492625e-05
4742,2.1008067051297985e-05,2.1072723029647022e-05
4743,2.0986490198993124e-05,2.1006057068007067e-05
4744,2.0916970242979005e-05,2.0972169295419008e-05
4745,2.0888986909994856e-05,2.1009445845265873e-05
4746,2.0917108486173674e-05,2.101849349855911e-05
4747,2.0934945496264845e-05,2.100050369335804e-05
4748,2.090867747028824e-05,2.0967903765267693e-05
4749,2.0881650925730355e-05,2.099123776133638e-05
4750,2.0900319213978946e-05,2.1039448256487958e-05
4751,2.0952275008312427e-05,2.109495471813716e-05
4752,2.100141682603862e-05,2.1138223019079305e-05
4753,2.1053778255009092e-05,2.1254605599096976e-05
4754,2.115569259331096e-05,2.1427902538562194e-05
4755,2.134780697815586e-05,2.1748362996731885e-05
4756,2.164475699828472e-05,2.2157180865178816e-05
4757,2.2081869246903807e-05,2.2848094886285253e-05
4758,2.2741600332665257e-05,2.3851565856602974e-05
4759,2.3783466531313024e-05,2.5496465241303667e-05
4760,2.5385677872691303e-05,2.7906911782338284e-05
4761,2.785155811579898e-05,3.159120024065487e-05
4762,3.1470783142140135e-05,3.684688272187486e-05
4763,3.6811543395742774e-05,4.410228939377703e-05
4764,4.3967946112388745e-05,5.3211228077998385e-05
4765,5.320282798493281e-05,6.257068162085488e-05
4766,6.242811650736257e-05,6.960022437851876e-05
4767,6.96163042448461e-05,6.903630855958909e-05
4768,6.890283839311451e-05,5.932381100137718e-05
4769,5.93253098486457e-05,4.238910696585663e-05
4770,4.227817407809198e-05,2.7088590286439285e-05
4771,2.7019725166610442e-05,2.1059126083855517e-05
4772,2.0984052753192373e-05,2.534288250899408e-05
4773,2.522944487282075e-05,3.3787149732233956e-05
4774,3.375578671693802e-05,3.853218368021771e-05
4775,3.8431309803854674e-05,3.574661604943685e-05
4776,3.570730041246861e-05,2.812610546243377e-05
4777,2.803968709486071e-05,2.2226044166018255e-05
4778,2.2133604943519458e-05,2.1968804503558204e-05
4779,2.1907651898800395e-05,2.5814431865001097e-05
4780,2.5713621653267182e-05,2.885667527152691e-05
4781,2.8815367841161788e-05,2.8087162718293257e-05
4782,2.800208494591061e-05,2.45443206949858e-05
4783,2.447165024932474e-05,2.17004580918001e-05
4784,2.1626046873279847e-05,2.1730464141000994e-05
4785,2.163013232348021e-05,2.3565844458062202e-05
4786,2.351428338442929e-05,2.4825472792144865e-05
4787,2.473296808602754e-05,2.405027044005692e-05
4788,2.39907021750696e-05,2.2209151211427525e-05
4789,2.212538311141543e-05,2.1071315131848678e-05
4790,2.097870128636714e-05,2.139396201528143e-05
4791,2.1325373381841928e-05,2.2448131858254783e-05
4792,2.2347803678712808e-05,2.2813674149801955e-05
4793,2.275300539622549e-05,2.2170010197442025e-05
4794,2.2076523237046786e-05,2.1112939066370018e-05
4795,2.103043152601458e-05,2.0637891793739982e-05
4796,2.055409458989743e-05,2.0999963453505188e-05
4797,2.0899327864754014e-05,2.157897688448429e-05
4798,2.1508087229449302e-05,2.1773572370875627e-05
4799,2.167420825571753e-05,2.131580185960047e-05
4800,2.1240080968709663e-05,2.070908885798417e-05
4801,2.06154327315744e-05,2.041879270109348e-05
4802,2.032480188063346e-05,2.058884456346277e-05
4803,2.050403600151185e-05,2.096124444506131e-05
4804,2.085938467644155e-05,2.108788066834677e-05
4805,2.100828533002641e-05,2.0916744688292965e-05
4806,2.081691854982637e-05,2.0559929907904007e-05
4807,2.0472371033974923e-05,2.0343744836281985e-05
4808,2.0248502551112324e-05,2.0365645468700677e-05
4809,2.0267221771064214e-05,2.0518506062217057e-05
4810,2.0429331925697625e-05,2.0646599296014756e-05
4811,2.054512697213795e-05,2.0596580725396052e-05
4812,2.0509183741523884e-05,2.0459719962673262e-05
4813,2.03604759008158e-05,2.0312307242420502e-05
4814,2.0220057194819674e-05,2.0267725631128997e-05
4815,2.0172354197711684e-05,2.030737596214749e-05
4816,2.020992906182073e-05,2.0354045773274265e-05
4817,2.0262303223717026e-05,2.0365901946206577e-05
4818,2.0267074432922527e-05,2.030819268838968e-05
4819,2.021706495725084e-05,2.0247647626092657e-05
4820,2.015022619161755e-05,2.0202483938192017e-05
4821,2.010913158301264e-05,2.020045394601766e-05
4822,2.010535536101088e-05,2.0214138203300536e-05
4823,2.011846299865283e-05,2.0213317839079536e-05
4824,2.0119792679906823e-05,2.0193614545860328e-05
4825,2.0096935259061866e-05,2.015379686781671e-05
4826,2.0060148017364554e-05,2.0125738956267014e-05
4827,2.0029261577292345e-05,2.011129618040286e-05
4828,2.0016563212266192e-05,2.0114330254727975e-05
4829,2.0018580471514724e-05,2.011728247452993e-05
4830,2.0021652744617313e-05,2.0109144315938465e-05
4831,2.001377652049996e-05,2.0088942619622685e-05
4832,1.9992883608210832e-05,2.0062308976775967e-05
4833,1.9966601030318998e-05,2.0041234165546484e-05
4834,1.994508784264326e-05,2.0029980078106746e-05
4835,1.993378100451082e-05,2.0026645870530047e-05
4836,1.993061596294865e-05,2.002517067012377e-05
4837,1.992887155211065e-05,2.0018467694171704e-05
4838,1.992236684600357e-05,2.0005380065413192e-05
4839,1.990923919947818e-05,1.9988776330137625e-05
4840,1.9892217096639797e-05,1.997192703129258e-05
4841,1.9875924408552237e-05,1.996064565901179e-05
4842,1.9863646230078302e-05,1.9951554349972866e-05
4843,1.9855644495692104e-05,1.99465957848588e-05
4844,1.9849623640766367e-05,1.99385412997799e-05
4845,1.984260234166868e-05,1.9929397240048274e-05
4846,1.9832838006550446e-05,1.9916773453587666e-05
4847,1.982054891414009e-05,1.990355121961329e-05
4848,1.98074212676147e-05,1.9892067939508706e-05
4849,1.9795410480583087e-05,1.9881403204635717e-05
4850,1.9785566109931096e-05,1.9874578356393613e-05
4851,1.977768806682434e-05,1.9866347429342568e-05
4852,1.9770623111980967e-05,1.9859866370097734e-05
4853,1.976303246919997e-05,1.984992195502855e-05
4854,1.9754066670429893e-05,1.9840306777041405e-05
4855,1.9743680240935646e-05,1.9828625227091834e-05
4856,1.9732475266209804e-05,1.9817674910882488e-05
4857,1.9721312128240243e-05,1.980725755856838e-05
4858,1.9710869310074486e-05,1.9797522327280603e-05
4859,1.970140692719724e-05,1.9789216821664013e-05
4860,1.9692755813593976e-05,1.9780471120611764e-05
4861,1.9684492144733667e-05,1.9772542145801708e-05
4862,1.9676144802360795e-05,1.9763409000006504e-05
4863,1.9667433662107214e-05,1.975457780645229e-05
4864,1.9658316887216642e-05,1.974492442968767e-05
4865,1.9648894522106275e-05,1.9735492969630286e-05
4866,1.9639383026515134e-05,1.972603604372125e-05
4867,1.9629984308267012e-05,1.9716808310477063e-05
4868,1.9620802049757913e-05,1.9707853425643407e-05
4869,1.961182897503022e-05,1.9699002223205753e-05
4870,1.960300505743362e-05,1.9690174667630345e-05
4871,1.959422843356151e-05,1.968147626030259e-05
4872,1.9585406334954314e-05,1.9672337657539174e-05
4873,1.957649874384515e-05,1.966370655281935e-05
4874,1.9567509298212826e-05,1.965423143701628e-05
4875,1.9558494386728853e-05,1.9645822249003686e-05
4876,1.95494903891813e-05,1.963619070011191e-05
4877,1.9540537323337048e-05,1.9628119844128378e-05
4878,1.953167884494178e-05,1.961852831300348e-05
4879,1.9522907678037882e-05,1.9610743038356304e-05
4880,1.9514218365657143e-05,1.9601226085796952e-05
4881,1.950559817487374e-05,1.9593619072111323e-05
4882,1.949703073478304e-05,1.95841676031705e-05
4883,1.948851604538504e-05,1.95766788237961e-05
4884,1.948005592566915e-05,1.9567360141081735e-05
4885,1.9471688574412838e-05,1.9560122382245027e-05
4886,1.946344673342537e-05,1.955108018592e-05
4887,1.9455408619251102e-05,1.954444633156527e-05
4888,1.9447668819339015e-05,1.9535984392859973e-05
4889,1.9440358300926164e-05,1.9530631107045338e-05
4890,1.9433680790825747e-05,1.9523395167198032e-05
4891,1.9427914594416507e-05,1.952072125277482e-05
4892,1.942348899319768e-05,1.9516277461661957e-05
4893,1.9421060642343946e-05,1.9519322449923493e-05
4894,1.9421624529059045e-05,1.952154161699582e-05
4895,1.942673588928301e-05,1.9537310436135158e-05
4896,1.9438839444774203e-05,1.9556036932044663e-05
4897,1.9461826013866812e-05,1.960157896974124e-05
4898,1.9501809219946153e-05,1.9662262275232933e-05
4899,1.9568831703509204e-05,1.978077671083156e-05
4900,1.9678704120451584e-05,1.9950659407186322e-05
4901,1.9858025552821346e-05,2.0255372874089517e-05
4902,2.0148914700257592e-05,2.0716499420814216e-05
4903,2.062392195512075e-05,2.151265653083101e-05
4904,2.1397125237854198e-05,2.2765951143810526e-05
4905,2.267003401357215e-05,2.4886661776690744e-05
4906,2.4750668671913445e-05,2.8304673833190463e-05
4907,2.8193459002068266e-05,3.3965090551646426e-05
4908,3.377967732376419e-05,4.307558629079722e-05
4909,4.291185177862644e-05,5.7423512771492824e-05
4910,5.711641279049218e-05,7.922736403997988e-05
4911,7.891118002589792e-05,0.00010899521294049919
4912,0.00010841694165719673,0.0001457188482163474
4913,0.00014506762090604752,0.0001779167796485126
4914,0.00017694492998998612,0.0001942257076734677
4915,0.00019323703600093722,0.0001822777558118105
4916,0.00018137229199055582,0.0001545851700939238
4917,0.00015395694936159998,0.00013664213474839926
4918,0.00013679901894647628,0.00013516907347366214
4919,0.0001353514671791345,0.00013326031330507249
4920,0.0001340816670563072,0.00010547707643127069
4921,0.00010561098315520212,5.706236697733402e-05
4922,5.7208195357816294e-05,2.7999121812172234e-05
4923,2.789839345496148e-05,4.3498333980096504e-05
4924,4.342279862612486e-05,7.785952038830146e-05
4925,7.824034400982782e-05,8.595654799137264e-05
4926,8.598522254033014e-05,5.6233879149658605e-05
4927,5.644003613269888e-05,2.7560130547499284e-05
4928,2.7360994863556698e-05,2.967161708511412e-05
4929,2.957631295430474e-05,4.806142533197999e-05
4930,4.820169124286622e-05,5.200222585699521e-05
4931,5.203115870244801e-05,3.8828871765872464e-05
4932,3.889377694576979e-05,2.9246553822304122e-05
4933,2.908494570874609e-05,3.0925890314392745e-05
4934,3.0768402211833745e-05,3.3304968383163214e-05
4935,3.33159405272454e-05,3.101650145254098e-05
4936,3.092537008342333e-05,2.922783824033104e-05
4937,2.916721859946847e-05,3.003761958098039e-05
4938,2.987897642015014e-05,2.811438389471732e-05
4939,2.7969374059466645e-05,2.3572292775497772e-05
4940,2.3505612261942588e-05,2.320960811630357e-05
4941,2.308324292243924e-05,2.740169657045044e-05
4942,2.728248728089966e-05,2.8627458959817886e-05
4943,2.8481081244535744e-05,2.3908816729090177e-05
4944,2.3799149857950397e-05,2.0055589629919268e-05
4945,1.9966080799349584e-05,2.2169519070303068e-05
4946,2.206071440014057e-05,2.5812087187659927e-05
4947,2.5674686185084283e-05,2.5011730031110346e-05
4948,2.488008249201812e-05,2.1329527953639627e-05
4949,2.1222056602709927e-05,2.0064000636921264e-05
4950,1.997163963096682e-05,2.1807392840855755e-05
4951,2.1699468561564572e-05,2.2902719138073735e-05
4952,2.279707223351579e-05,2.188888902310282e-05
4953,2.1762711185147054e-05,2.061155464616604e-05
4954,2.0530356778181158e-05,2.057924029941205e-05
4955,2.04685111384606e-05,2.083408435282763e-05
4956,2.0737952581839636e-05,2.0617844711523503e-05
4957,2.0518242308753543e-05,2.042077721853275e-05
4958,2.0308631064835936e-05,2.058088284684345e-05
4959,2.0505383872659877e-05,2.061418490484357e-05
4960,2.050027615041472e-05,2.0020735973957926e-05
4961,1.9923863874282688e-05,1.958134089363739e-05
4962,1.9478540707495995e-05,1.9896473531844094e-05
4963,1.9782293747994117e-05,2.0379120542202145e-05
4964,2.0299652533140033e-05,2.0295565263950266e-05
4965,2.0182747903163545e-05,1.9662844351842068e-05
4966,1.9566869013942778e-05,1.9370572772459127e-05
4967,1.9266946765128523e-05,1.966184026969131e-05
4968,1.9543445887393318e-05,1.9947434338973835e-05
4969,1.9861709006363526e-05,1.99044789042091e-05
4970,1.978410000447184e-05,1.9595696358010173e-05
4971,1.950367550307419e-05,1.951278500200715e-05
4972,1.9398612494114786e-05,1.959438668563962e-05
4973,1.9487652025418356e-05,1.9659293684526347e-05
4974,1.955414336407557e-05,1.965463707165327e-05
4975,1.9545026589185e-05,1.9692724890774116e-05
4976,1.958438406290952e-05,1.9805700503638946e-05
4977,1.9700988559634425e-05,1.9915652956115082e-05
4978,1.9798237190116197e-05,1.9966175386798568e-05
4979,1.9869137759087607e-05,2.0183661035844125e-05
4980,2.006035174417775e-05,2.0580768250511028e-05
4981,2.0489684175117873e-05,2.12644154089503e-05
4982,2.1136913346708752e-05,2.2053884094930254e-05
4983,2.1971278329147026e-05,2.328680238861125e-05
4984,2.315376877959352e-05,2.5077177269849926e-05
4985,2.5006556825246662e-05,2.8098174880142324e-05
4986,2.7954047254752368e-05,3.248280336265452e-05
4987,3.2429674320155755e-05,3.933811603928916e-05
4988,3.9187842048704624e-05,4.913570955977775e-05
4989,4.912240547128022e-05,6.389626651071012e-05
4990,6.375765224220231e-05,8.353294833796099e-05
4991,8.359193452633917e-05,0.00010943927918560803
4992,0.00010933354496955872,0.00013577047502622008
4993,0.00013591404422186315,0.00015726946003269404
4994,0.0001572109031258151,0.00015671395522076637
4995,0.00015687619452364743,0.00012979411985725164
4996,0.00012974237324669957,7.983984687598422e-05
4997,7.987763092387468e-05,3.5724271583603695e-05
4998,3.56349119101651e-05,2.0997935280320235e-05
4999,2.0874098481726833e-05,3.6747445847140625e-05
5000,3.6719928175443783e-05,6.05050336162094e-05
